# TV + EV - Bias [kV] Yield [a.u.] Yield Error [a.u.]
1.571501289386566214e+03 1.007704701743537823e-01 3.792546675005698843e-03
1.571550294865422757e+03 9.789147467837880368e-02 3.734792709934907536e-03
1.571593977642532764e+03 9.965575168447401988e-02 3.772025829618456429e-03
1.571652864266755387e+03 1.062784589348292480e-01 3.893741464887658359e-03
1.571701601098977790e+03 1.057396161204341850e-01 3.887065595316467007e-03
1.571750745655421952e+03 1.139408661760075714e-01 4.030938080451513042e-03
1.571796452405232912e+03 1.339010217290212412e-01 4.376691812091607764e-03
1.571846976654311902e+03 1.739140502892563278e-01 4.989379410679769221e-03
1.571898417882500780e+03 2.973507736910234733e-01 6.553011038747285841e-03
1.571951333761644719e+03 4.926481517059538295e-01 8.490148755603506292e-03
1.571998530279900251e+03 7.347547901060457187e-01 1.044651593042642858e-02
1.572025335356755932e+03 8.191332064113817646e-01 1.102915913900943089e-02
1.572049361656589099e+03 1.011310903336019695e+00 1.234132192418557934e-02
1.572099036891455853e+03 1.208521391370218190e+00 1.359951038511608180e-02
1.572123636482310530e+03 1.267555661544868428e+00 1.393760104541070730e-02
1.572176834691455497e+03 1.355594001224707412e+00 1.448032981800178795e-02
1.572222664935422245e+03 1.465992317262628353e+00 1.510289295947596193e-02
1.572224685759867270e+03 1.470261759481060526e+00 1.510684652077994364e-02
1.572278838514499512e+03 1.514973352850736754e+00 1.537430098499839755e-02
1.572325257524533299e+03 1.550322360622010454e+00 1.555307332845201965e-02
1.572326779266755238e+03 1.537010723231851506e+00 1.549298916289411528e-02
1.572374822617677864e+03 1.523945212738579080e+00 1.542726526547427354e-02
1.572423007766977435e+03 1.554484232994878035e+00 1.559875117522976223e-02
1.572425569175899909e+03 1.560048197238315781e+00 1.565300767651710279e-02
1.572477308002754853e+03 1.569155004986646285e+00 1.564701941053923614e-02
1.572520722335422079e+03 1.547097907761589619e+00 1.556858874672287230e-02
1.572523953843810887e+03 1.582430675106513362e+00 1.573487214613503160e-02
1.572575301590033405e+03 1.551300413660698485e+00 1.556053637007233544e-02
