# TV + EV - Bias [kV] Yield [a.u.] Yield Error [a.u.]
1.571544588811899985e+03 7.028074923097764326e-02 7.694011039628410528e-03
1.571597685579200061e+03 6.403161290181932919e-02 7.216860010340612336e-03
1.571655812701900004e+03 7.824483311509876360e-02 7.604030965238990636e-03
1.571762676231900059e+03 6.821457504860788112e-02 7.714316185229438266e-03
1.571781618651899862e+03 9.144939085245905319e-02 8.708605965894081202e-03
1.571798186209199912e+03 1.028858860583856116e-01 8.982783336716220271e-03
1.571814015799199979e+03 1.061140933499944150e-01 9.486511301438002586e-03
1.571831584626499989e+03 1.298252716524350703e-01 1.034346239864454217e-02
1.571852052971899866e+03 1.293753746318734854e-01 9.930706438147175741e-03
1.571858448849199931e+03 1.994441729913754846e-01 1.236755847374843703e-02
1.571873196209199932e+03 2.534006206687545171e-01 1.414203665392675321e-02
1.571906843971899889e+03 3.600401510150473827e-01 1.635447669929320641e-02
1.571918588501899876e+03 2.451384521449045950e-01 1.334774312749553889e-02
1.571935398379199796e+03 4.897666852896945811e-01 1.926461016128108023e-02
1.571952804911900103e+03 5.816841328132522637e-01 2.114528904366759846e-02
1.571959690441899966e+03 4.595247792148919319e-01 1.826674980734064452e-02
1.571980078739200053e+03 7.071227955787693364e-01 2.335940323654529804e-02
1.572002763899200090e+03 8.534187936071970793e-01 2.549853688125412743e-02
1.572011190341900146e+03 7.478832226337507327e-01 2.345404216938893477e-02
1.572032663899199861e+03 9.793630360530963808e-01 2.721618988761919170e-02
1.572059701429200004e+03 9.634871962970338322e-01 2.664088852695819035e-02
1.572068599529199901e+03 1.113382337943349176e+00 2.897977850002099801e-02
1.572105255071900046e+03 1.139856552037546766e+00 2.888173321427214488e-02
1.572108571169199877e+03 1.185960341218625702e+00 3.022238797218233797e-02
1.572132377601900089e+03 1.232351726048601437e+00 3.053185479756605550e-02
1.572149193491900178e+03 1.330768500191849224e+00 3.182599711834937367e-02
1.572158388861899994e+03 1.344082007186194305e+00 3.137650870839520795e-02
1.572188946799200039e+03 1.338744733243550256e+00 3.195797582140026682e-02
1.572194883121899920e+03 1.386092179708451111e+00 3.234763113319799599e-02
1.572201772651899773e+03 1.337137214297447363e+00 3.139933580039763750e-02
1.572221127701900059e+03 1.409113813948178473e+00 3.259294081991951503e-02
1.572238439209199896e+03 1.415975468917665347e+00 3.267051975586365842e-02
1.572257274664700162e+03 1.399891982950356217e+00 3.232876013262962062e-02
1.572266264651899974e+03 1.417678861087834807e+00 3.220762918726334523e-02
1.572296430999200084e+03 1.448278531902210231e+00 3.315601203578005113e-02
1.572307661911900141e+03 1.439819658313178596e+00 3.241394120681227037e-02
1.572329305799200029e+03 1.482552483251591946e+00 3.342937982104512290e-02
1.572349957429200003e+03 1.463838399728249584e+00 3.319275722213714530e-02
1.572357367589199839e+03 1.464243587767359189e+00 3.276177060796701956e-02
1.572389047799199943e+03 1.436537549392420843e+00 3.305144115691564799e-02
