# TV + EV - Bias [kV] Yield [a.u.] Yield Error [a.u.]
6.256313600760443023e+02 4.852439902292639100e-03 7.078011050919600722e-04
6.256758428488552681e+02 5.252464519017766356e-03 7.354921458044337643e-04
6.257281063654331774e+02 4.022384989572980359e-03 6.440970822736159221e-04
6.257798608757331067e+02 4.634012165472798511e-03 6.907977473705453810e-04
6.258303712232000180e+02 4.839645783555916389e-03 7.059348910712048538e-04
6.258793445643218547e+02 5.156786686715304421e-03 7.292797670617801910e-04
6.259291108859777069e+02 4.228847220771556406e-03 6.604349789200706549e-04
6.259809442081447060e+02 9.066304526259746574e-03 9.664713098483456539e-04
6.260264295800222953e+02 1.133412778385153689e-02 1.080666682363149366e-03
6.260757160698774442e+02 3.128140191852085694e-02 1.797069585650511473e-03
6.260840798381553896e+02 4.460038927381444751e-02 2.145837229433239166e-03
6.261275012329110723e+02 1.027649012584208738e-01 3.262788877745371584e-03
6.261785338581997848e+02 2.702095291487259243e-01 5.308440503575274569e-03
6.261796700545331760e+02 2.244565031046105441e-01 4.836256685775718045e-03
6.262286857340333199e+02 3.527901442790025710e-01 6.084397642816176226e-03
6.262747014255556905e+02 4.452846575156197417e-01 6.840018169937746827e-03
6.262757337376666555e+02 4.215193207940261533e-01 6.657320380056690537e-03
6.263290789491998112e+02 4.759885923284149500e-01 7.089320173372234621e-03
6.263800597236779595e+02 5.221682786532199083e-01 7.431541743553568384e-03
6.263814158003665398e+02 5.269866401040717019e-01 7.461675926220780707e-03
6.264303020547332608e+02 5.489888243575506976e-01 7.632209649507329038e-03
6.264768555103777317e+02 5.760726353551589574e-01 7.810481282774650244e-03
6.264795795657890949e+02 5.790124349003166193e-01 7.835230955464574099e-03
6.265316554400333189e+02 5.928239983091494469e-01 7.931864936878278358e-03
6.265770962097886922e+02 6.257882908634051500e-01 8.154674971383078785e-03
6.265786273324774811e+02 5.949060656296755178e-01 7.945511311684045480e-03
6.266287712287443128e+02 6.175618467462580252e-01 8.106887978734498082e-03
6.266744050464222937e+02 6.348259170481103109e-01 8.205145608685751601e-03
6.266807673391332401e+02 6.170678993853901950e-01 8.104594757045875328e-03
6.267288743702666807e+02 6.437938007148918951e-01 8.283775511703525204e-03
6.267808573746001457e+02 6.472070444735504857e-01 8.294799900558596714e-03
6.267809545858780211e+02 6.548412187665454409e-01 8.352947084182778259e-03
6.268277952593109603e+02 6.497157224453531388e-01 8.326268072899843664e-03
6.268814912018110590e+02 6.623930656760430580e-01 8.388083095324258207e-03
6.269805774423000457e+02 6.528634981495082812e-01 8.331787831651941978e-03
6.270754997896331133e+02 6.629821946238285690e-01 8.388819984633514096e-03
6.271793405847776057e+02 6.553698776549784499e-01 8.357650960161104592e-03
6.272809319115110611e+02 6.637169561267688422e-01 8.405521897664797529e-03
