# TV + EV - Bias [kV] Yield [a.u.] Yield Error [a.u.]
9.831849483779999446e+02 3.298319360445520321e+00 7.881273068366516713e-03
9.831441977795000184e+02 3.208286677952496557e+00 7.803358517987612694e-03
9.830832091974999685e+02 3.168599222893662137e+00 7.798033959207631947e-03
9.830357953407000196e+02 3.074649890912423356e+00 7.626056834239071901e-03
9.829864842887000123e+02 3.004312935994148503e+00 7.533566362956526166e-03
9.828873092357000587e+02 2.628525119858234671e+00 7.286128640353331347e-03
9.828400867255001003e+02 2.559124282188600663e+00 7.141379744499884268e-03
9.827918159217000493e+02 2.422631411282138547e+00 6.958144360735816526e-03
9.827345137765000800e+02 2.239894836752393648e+00 6.689711288780691295e-03
9.826893257480001012e+02 2.050408379758038802e+00 6.434623216537069083e-03
9.826414082897000526e+02 1.859678236077284774e+00 6.116023724384210547e-03
9.825908506735000856e+02 1.677927651400186404e+00 5.830137292125773217e-03
9.825365632886999947e+02 1.412327275454164699e+00 5.315285810997988705e-03
9.824864803035000023e+02 1.160635591735382111e+00 4.806179365094376439e-03
9.824332011975000114e+02 9.193229489655924125e-01 4.298044794313410182e-03
9.823918719365000243e+02 6.996821312270889992e-01 3.670568738438767954e-03
9.823393547480000052e+02 5.109052441101977760e-01 3.127710482950904654e-03
9.822959569905000308e+02 3.728327776729128407e-01 2.664600266241665908e-03
9.822452480581999907e+02 2.706999021366869873e-01 2.221492264879128872e-03
9.821816693025000404e+02 2.198312319584887209e-01 1.955397982837077560e-03
9.821354290404999574e+02 1.817469969932461182e-01 1.755509943207435482e-03
9.820980125017000546e+02 1.638896874089895428e-01 1.597076417019360024e-03
9.820295967754999538e+02 1.487978044065689509e-01 1.561735871008621858e-03
9.819878468824999800e+02 1.409784638453002725e-01 1.445580236107916116e-03
9.819360066872000061e+02 1.340184382074486313e-01 1.412414148837704822e-03
9.818947533957000360e+02 1.245717882076329136e-01 1.324852847303714014e-03
9.818444521101999953e+02 1.171444545242622814e-01 1.295858049621170013e-03
9.817969382535000022e+02 1.165973836709143507e-01 1.296720707465398668e-03
9.817406153575000189e+02 1.107446019277211757e-01 1.245729617152642032e-03
9.816893217627000467e+02 1.099343605029216298e-01 1.252852643002641412e-03
9.816439444635000200e+02 1.019626212810023635e-01 1.162433092313536849e-03
9.861925712691999024e+02 4.129838748394488057e+00 5.491739741848600947e-02
9.861477375557000187e+02 4.218847155181575381e+00 5.559487231761590237e-02
9.860923549375000903e+02 4.325139789804655521e+00 5.626886528633288226e-02
9.860380575526999110e+02 4.304758268266892784e+00 5.609757726858846660e-02
9.859971659394999506e+02 4.148613116450304616e+00 5.515461703972746044e-02
9.859477435557000717e+02 4.210384130581071638e+00 5.572248587118164287e-02
9.858803501072000017e+02 4.144823466266663203e+00 5.503979992700754748e-02
9.858310560394999129e+02 4.240935409597047290e+00 5.557441697739883696e-02
9.857829482504998850e+02 4.201662314414463140e+00 5.569733358209837809e-02
9.857367279736999990e+02 4.123159551788962318e+00 5.483772555265554322e-02
9.856839655145000734e+02 4.145155183015776679e+00 5.500077512260044543e-02
9.856308607087000837e+02 4.307838572300512148e+00 5.605046238768247868e-02
9.855821913034999397e+02 4.180223720380924490e+00 5.535841501626981298e-02
9.854930698854998354e+02 4.168952862475608256e+00 5.518803680464619971e-02
9.854331695821999801e+02 4.157808133552079788e+00 5.511934744952250165e-02
9.853874959217000651e+02 4.198604446191466444e+00 5.553992930211177487e-02
9.853339485145000936e+02 4.172942293723962415e+00 5.533650356297025591e-02
9.852892871621999120e+02 4.244655943025865241e+00 5.554979313731096824e-02
9.852355174241999975e+02 4.216270815699760810e+00 5.547116630962677791e-02
9.851954177284999332e+02 4.070066105894146524e+00 5.453672043345195869e-02
9.851295181445000253e+02 4.130155834707879059e+00 5.488220600565101720e-02
9.850811100394998903e+02 4.106326451541436384e+00 5.493546987143326649e-02
9.850453977285000065e+02 4.169470400685233891e+00 5.512381569554387212e-02
9.849890748315000337e+02 4.149857011827357667e+00 5.514321418015732945e-02
9.849451653967000766e+02 4.174254061840869667e+00 5.519992952966134431e-02
9.848959983594999130e+02 4.086724559880413388e+00 5.458531683145753655e-02
9.848365016725000487e+02 4.242549641497251223e+00 5.547424963754492289e-02
9.847826119354999719e+02 4.165968534744157736e+00 5.524473804931131354e-02
9.847375129365000248e+02 4.063482681003722341e+00 5.447324185394936819e-02
9.846956700591998697e+02 4.156483517075761469e+00 5.504311761640034301e-02
9.846426392535000787e+02 4.170177273519818151e+00 5.512486619786002157e-02
