# TV + EV - Bias [kV] Yield [a.u.] Yield Error [a.u.]
6.256600741991999257e+02 -9.364279424737606940e-04 1.181472522353666432e-03
6.257098388831999500e+02 4.758801744059238908e-19 1.366010613186823116e-03
6.257587446349001539e+02 0.000000000000000000e+00 1.071878413457880196e-03
6.258180189901999029e+02 -1.339878702365473637e-04 1.479944398686705792e-03
6.258769950452000330e+02 2.278706141574675294e-03 1.183822807471773212e-03
6.259167294258999164e+02 2.950159883889280285e-03 1.340981765404218292e-03
6.259670177271999592e+02 1.609331789296919793e-03 1.367669032911697198e-03
6.260082769882000093e+02 1.072974858254916418e-02 2.007352152106115905e-03
6.260667194258999189e+02 3.047182912531382418e-02 3.315412607354788210e-03
6.261146098842000356e+02 8.853831389268336516e-02 5.255227819864356428e-03
6.261631479891999561e+02 1.841607382273351690e-01 7.326206781383467516e-03
6.262070704082000248e+02 2.822620631316284379e-01 9.087142831455631217e-03
6.262136901839000984e+02 3.066074124012609370e-01 9.430020452635483677e-03
6.262600641991999737e+02 3.635398941440787235e-01 1.017613932427067873e-02
6.262702583959001004e+02 3.890645564841596071e-01 1.060073499832164638e-02
6.263037213022000742e+02 4.116827732779811955e-01 1.088839505582490756e-02
6.263118859572000474e+02 4.168943386280560270e-01 1.098099280002693551e-02
6.263638909519000890e+02 4.571615610891898718e-01 1.152223032065222835e-02
6.263695824489000188e+02 4.591364784138953770e-01 1.149632093760444458e-02
6.264067266549000124e+02 4.924202789744704378e-01 1.201397779031722346e-02
6.264205621491998954e+02 5.025517358682383140e-01 1.206024733032052751e-02
6.264674453739002047e+02 5.074399727779305147e-01 1.216412380771746474e-02
6.264738758032000305e+02 5.425495450433699407e-01 1.249372918393801962e-02
6.265044972502000746e+02 5.504442625354337704e-01 1.263286203171120302e-02
6.265187294861999590e+02 5.845825247234411881e-01 1.294117976412427311e-02
6.265532506701999864e+02 5.621277794953956075e-01 1.277852274778101642e-02
6.265588191819000485e+02 5.652682216211255550e-01 1.276872730509298615e-02
6.266095381151999391e+02 5.875176851102710263e-01 1.302190430564581329e-02
6.266598698978999664e+02 5.844197836206582730e-01 1.309302270281023292e-02
6.266662363271999538e+02 6.188573924509152002e-01 1.335696497919523600e-02
6.267182533218999652e+02 6.154766958626053386e-01 1.326859499886376415e-02
6.267185611849001816e+02 6.282131759545864780e-01 1.345003106394344894e-02
6.267596205672000451e+02 5.944297872077949352e-01 1.318135356630192531e-02
6.267669722752000325e+02 5.881206778741732144e-01 1.305895788196079557e-02
6.268095325672001081e+02 6.319668744057567178e-01 1.355398500721363350e-02
6.268562594612000112e+02 6.543835831114804824e-01 1.378975832544691513e-02
6.268656656951999366e+02 6.253272491492029017e-01 1.345791200097264106e-02
6.269090959509001095e+02 6.570405932853995434e-01 1.378347367070598649e-02
6.269230968708999399e+02 6.476153823790479214e-01 1.367474177335457203e-02
6.269544392502001529e+02 6.592125728602336032e-01 1.381600498263853803e-02
6.269605093781999585e+02 6.538658118550964016e-01 1.375589698307158257e-02
6.270075355881999712e+02 6.449102097150526403e-01 1.361960826987424975e-02
6.270085943188998954e+02 6.571803996678579063e-01 1.378380866723012167e-02
6.270493689322000819e+02 6.760100391490977412e-01 1.396423221569878526e-02
6.270629372212000590e+02 6.497878286592368990e-01 1.377257194904616365e-02
6.271297250828999950e+02 6.679069169836775455e-01 1.389181397160958037e-02
6.271578179188999229e+02 6.643766688028481804e-01 1.390900065621076230e-02
6.272087591818999499e+02 6.578192073080021407e-01 1.382246260682798433e-02
6.272677252378999810e+02 6.674839794574385365e-01 1.387766324565469292e-02
