# TV + EV - Bias [kV] Yield [a.u.] Yield Error [a.u.]
9.831893196562000412e+02 4.945076055010045479e+01 6.534110617242124830e-01
9.815971669608999264e+02 1.108914969864407629e+00 5.244091151882181168e-02
9.842912629131999438e+02 4.978278383827864673e+01 6.773139480371259680e-01
9.857925201772000037e+02 4.880221289492940429e+01 6.921177994845987280e-01
9.894920470061999822e+02 3.602808940491345169e+01 3.866023151615793352e-01
9.904990157475000387e+02 2.531163462595558400e+01 2.917424417124910851e-01
9.854889496181999675e+02 4.790586379364388847e+01 6.829027012466245550e-01
9.845838578755000299e+02 5.032762235422963215e+01 6.601590743513625625e-01
9.874806716365000057e+02 4.765155408199557741e+01 5.551478573195975930e-01
9.816941899731999683e+02 1.211255149129672137e+00 5.557195765513342489e-02
9.833922957661999362e+02 4.835010062233514816e+01 3.294240762699696679e-01
9.821882291495001027e+02 1.372006519265881330e+01 3.862260021160531798e-01
9.904862469701999999e+02 2.523308950788787897e+01 4.220586175268257745e-01
9.827933247551999330e+02 4.690770376500731231e+01 6.008312874342868204e-01
9.817998907392000092e+02 1.433116128889192264e+00 6.645470227302389954e-02
9.844939837071999591e+02 4.817608029685870719e+01 5.479103194217266326e-01
9.864867269884999814e+02 5.058415191553844892e+01 4.748138366266595467e-01
9.818971690674999309e+02 2.096649536590550422e+00 9.807278022058417422e-02
9.829960485345000052e+02 4.856661189568667680e+01 6.620569474591152526e-01
9.924853731485000026e+02 9.940291554372246097e+00 1.994586415127178047e-01
9.822952035101999400e+02 2.557973492702922513e+01 3.269488425770227247e-01
9.819819309481999881e+02 3.160899894714565228e+00 1.368001291239639150e-01
9.823942690495000534e+02 3.476013094948817184e+01 4.059812618308595855e-01
9.825911145931999044e+02 4.345458803727102293e+01 5.325657522999184268e-01
9.820924827161999247e+02 5.683623810377780750e+00 1.732774742762353826e-01
9.836940791142000080e+02 4.920587477363174145e+01 5.567451887519414555e-01
9.884955492002000028e+02 4.451618749145860932e+01 5.582613902258426464e-01
9.852017192741999452e+02 4.910934576199888113e+01 6.477139337071333713e-01
9.848950849251999671e+02 4.957963657473494834e+01 6.658909177854465122e-01
9.879989598501999808e+02 4.697037520563384305e+01 5.624778846273410515e-01
9.839973943572000508e+02 4.929250442198217996e+01 6.643514136837584960e-01
9.815024477611999600e+02 8.361845680452381080e-01 3.781683465351780293e-02
