# TV + EV - Bias [kV] Yield [a.u.] Yield Error [a.u.]
1.304075527748721697e+03 5.053336946456307710e-02 3.582215583917091901e-03
1.304126727300755192e+03 5.818248154634959868e-02 3.844806602646283229e-03
1.304178096296722515e+03 5.349039435379876473e-02 3.682430610939389781e-03
1.304223581106500205e+03 6.848655536599466964e-02 4.167959028864639572e-03
1.304276232633611016e+03 6.922431713010115950e-02 4.189646265733383210e-03
1.304300242267421936e+03 7.649093616917204685e-02 4.799468193979933989e-03
1.304325302432500621e+03 8.692743731292758291e-02 4.700497472052794952e-03
1.304373246642277763e+03 1.327236132299523808e-01 5.809154736492841940e-03
1.304396106531644591e+03 1.412730661980999836e-01 6.537337865384831338e-03
1.304427395421900655e+03 2.033704308119953508e-01 7.203750254367380541e-03
1.304477135117610942e+03 3.611627472131995753e-01 9.635289895473396829e-03
1.304495468382755689e+03 4.079992550377831151e-01 1.115818779675014152e-02
1.304524979727611253e+03 6.023650754933645990e-01 1.249515713715335791e-02
1.304576194695833465e+03 9.137186994297449294e-01 1.551352046740106516e-02
1.304596999994977523e+03 9.779157628921388845e-01 1.742946612749483870e-02
1.304650570464499879e+03 1.234639994547672259e+00 1.810758648604136878e-02
1.304694370899421983e+03 1.482113561779848210e+00 1.999936547614965601e-02
1.304695960079644465e+03 1.523282586161936791e+00 2.197982265762935331e-02
1.304750566804977552e+03 1.701780014508712302e+00 2.153461926077098604e-02
1.304795996821610515e+03 1.865671282263618558e+00 2.451014503791500848e-02
1.304796812853167012e+03 1.845749705740513003e+00 2.249743535538288250e-02
1.304849262894122376e+03 1.909819834230850555e+00 2.290538087099727727e-02
1.304896519652500047e+03 2.053532650898257206e+00 2.578220310399262707e-02
1.304897663295389066e+03 2.000553877556570548e+00 2.346943071216296001e-02
1.304952366412277797e+03 2.029056029640948555e+00 2.368028088937068967e-02
1.304995980362977662e+03 2.071865703021328997e+00 2.587407570159247147e-02
1.304999124036755575e+03 2.050777208382122740e+00 2.383014189556091275e-02
1.305050486132310880e+03 2.120172026502637141e+00 2.423093305604422099e-02
1.305092976009388849e+03 2.144057426209023287e+00 2.641554759336373764e-02
1.305099264905388736e+03 2.125616207666899182e+00 2.429315328519884506e-02
1.305151241406533700e+03 2.104732165793696819e+00 2.418114466595159412e-02
1.305201675889644548e+03 2.105227856578284928e+00 2.420441785643881807e-02
1.305250565242944504e+03 2.099843652783539572e+00 2.409795893166282593e-02
1.305297618431388400e+03 2.116682789102581452e+00 2.619986009247354808e-02
