# TV + EV - Bias [kV] Yield [a.u.] Yield Error [a.u.]
9.812811696853999592e+02 2.602703166048261213e-02 1.617241057257990397e-03
9.813317376284112470e+02 2.957428110246480488e-02 1.727747949960443388e-03
9.813823479759000747e+02 3.098117823066157822e-02 1.768189236044208357e-03
9.814318821592888753e+02 3.255928097740895533e-02 1.811646855059919660e-03
9.814848484396997037e+02 3.508178627999968685e-02 1.880581140764411938e-03
9.815364621710667734e+02 3.408577574846664154e-02 1.854021782595748156e-03
9.815804186443224353e+02 4.259604581858270761e-02 2.073543067218167404e-03
9.816342648232445072e+02 4.336254596525766780e-02 2.091127654278007557e-03
9.816839206499892043e+02 4.661126968646337604e-02 2.168552523493952854e-03
9.817333138498999006e+02 5.224668816592285825e-02 2.297806718226587906e-03
9.817817516493664698e+02 5.866564645115688453e-02 2.431769282756268344e-03
9.818340377552335667e+02 6.311769076750746443e-02 2.522690285087956456e-03
9.818811522234552740e+02 7.399346805634535174e-02 2.733011101222806213e-03
9.819327711759892736e+02 7.996981670656572172e-02 2.843399343773055955e-03
9.819815067651666141e+02 1.087723215658707165e-01 3.317524706110725526e-03
9.820325416028334757e+02 1.308827385351594985e-01 3.639846852466013544e-03
9.820814331919663118e+02 1.876397337521577835e-01 4.366076695151881355e-03
9.821350887825442442e+02 2.957357956102874552e-01 5.497365732321541666e-03
9.821868328824560876e+02 4.906549395359212085e-01 7.122169552476124987e-03
9.822333705925892673e+02 7.195543187468657065e-01 8.676889604426031924e-03
9.822845120875888369e+02 9.656639712806878162e-01 1.013628433815648780e-02
9.823289922229887452e+02 1.185933592820123783e+00 1.130589153345662630e-02
9.823818513558443328e+02 1.357593597060321677e+00 1.215923409392784260e-02
9.823855551677669382e+02 1.410325336655884998e+00 1.241962934691126681e-02
9.824306359601441727e+02 1.466354325208596654e+00 1.268917066629806495e-02
9.824798209072112058e+02 1.525415954625533033e+00 1.296548783402765720e-02
9.824807448895778634e+02 1.561069783475778072e+00 1.310990414281632335e-02
9.825304443660669449e+02 1.605640493642083610e+00 1.334608935477277734e-02
9.825775547290777467e+02 1.652272933946839162e+00 1.354549613855887680e-02
9.825788695824110164e+02 1.646041917906827079e+00 1.348263881864430851e-02
9.826291734814667507e+02 1.682480124237929919e+00 1.370045127451531737e-02
9.826745148924329669e+02 1.673046366430088083e+00 1.363584391059241389e-02
9.827785445625781904e+02 1.692783136932226373e+00 1.370057186307272433e-02
9.828802674355891895e+02 1.715349991172829824e+00 1.381550911758367382e-02
9.829814243784556993e+02 1.749717780600636319e+00 1.395937875021574341e-02
9.830811801200557056e+02 1.748860463617272876e+00 1.396587923731339685e-02
9.831792594410775337e+02 1.741882286622080001e+00 1.394353854319115189e-02
9.832805630414109146e+02 1.720470107226280243e+00 1.383835692073264075e-02
9.833775332992222502e+02 1.748825037515234992e+00 1.397183475619222931e-02
9.834818423155221581e+02 1.754104847568928482e+00 1.398370247606039486e-02
