# TV + EV - Bias [kV] Yield [a.u.] Yield Error [a.u.]
1.780825849960000141e+03 9.597392531341738531e-01 1.526006320311901199e-01
1.780839095430000043e+03 8.560042660115572133e-01 1.427723422457968239e-01
1.780874543379999977e+03 7.820427308771914499e-01 1.421570793730027871e-01
1.780917210179999984e+03 6.341406936358607860e-01 1.250692232515085711e-01
1.780936818539999877e+03 1.055745853067311613e+00 1.587803815805523544e-01
1.780960787280000204e+03 9.292186623394596001e-01 1.514481235427038164e-01
1.780979599700000108e+03 8.358779817779004029e-01 1.412844459542866582e-01
1.781000369330000240e+03 8.627400790828025912e-01 1.418977121121483276e-01
1.781028658440000072e+03 8.657507184587897031e-01 1.486312306288479212e-01
1.781042649850000089e+03 7.255475392632839693e-01 1.292753308447527061e-01
1.781078433120000000e+03 9.901988891289559280e-01 1.478105013195695205e-01
1.781097040220000281e+03 1.010694763957744824e+00 1.552519893105762383e-01
1.781115362010000126e+03 9.353653866093448732e-01 1.464620509479212518e-01
1.781130458789200247e+03 7.226594304938807056e-01 1.223617222284786310e-01
1.781144181750000143e+03 1.070383775798972925e+00 1.515229308471627845e-01
1.781175879960000202e+03 9.922267568658945658e-01 1.560838976532678002e-01
1.781181009429200230e+03 1.219908870069976281e+00 1.524219146428600624e-01
1.781205926280000085e+03 1.058049155038454314e+00 1.628763201152497730e-01
1.781216097960000070e+03 7.701196555099231178e-01 1.356554909788002250e-01
1.781216141109199953e+03 1.229237524526438197e+00 1.494888175796061924e-01
1.781250859960000071e+03 1.042794987969920317e+00 1.508421388104423388e-01
1.781267659849999973e+03 1.159011146048058771e+00 1.565713327639124408e-01
1.781273339949199908e+03 9.863470681930246453e-01 1.442143600845695595e-01
1.781301320589999932e+03 1.251246679155210817e+00 1.637977253499135200e-01
1.781316823909999812e+03 9.526786290253201894e-01 1.474507894861305513e-01
1.781319184899200081e+03 1.107758023428961680e+00 1.461562678900298340e-01
1.781348306800000046e+03 1.281841402351537873e+00 1.684606678165460336e-01
1.781377132676500196e+03 1.176720742944936449e+00 1.612887584366708149e-01
1.781405710010000121e+03 9.523481762245934457e-01 1.514254347011759483e-01
1.781411012600000049e+03 1.325786959266666898e+00 1.680154891647948345e-01
1.781415570469200020e+03 1.301672791215844116e+00 1.554826611873993403e-01
1.781462604490000103e+03 8.964217558987271905e-01 1.416641024753293177e-01
1.781468936429999985e+03 1.399148817028933012e+00 1.771875288057891684e-01
1.781474311209200096e+03 1.242134317839553859e+00 1.540481375019508159e-01
1.781500544650000165e+03 1.253811043098301381e+00 1.677862217953603463e-01
1.781533254120000038e+03 1.424760970558399009e+00 1.723361827798335910e-01
1.781543671120000226e+03 1.329753603970543985e+00 1.772934352099624911e-01
1.781546583689200133e+03 1.169192431489412209e+00 1.548819264628118197e-01
1.781577852489999941e+03 1.499668038611984944e+00 1.798013022534547811e-01
1.781588608899199926e+03 1.732239210035481980e+00 1.755102961422550234e-01
1.781595763640000087e+03 1.575942368289841911e+00 1.871330317992235814e-01
1.781620468330000222e+03 1.659566464827159971e+00 1.936379695554978908e-01
1.781628439256500087e+03 1.531617558126539658e+00 1.651374315670106896e-01
1.781648266799999874e+03 1.520370254651569830e+00 1.843422234544496441e-01
1.781675024010000243e+03 1.865664292670897950e+00 1.991114921754804923e-01
1.781684513849200130e+03 1.526428054586093985e+00 1.682823147746117520e-01
1.781715668280000273e+03 1.609918145748983065e+00 1.837176717955372185e-01
1.781718956430000162e+03 1.811756330121957248e+00 1.951217632059941698e-01
1.781746026046500219e+03 1.589360817146617588e+00 1.761701146716732613e-01
1.781758459440000024e+03 1.969240921099577601e+00 2.047406096930143027e-01
1.781771465726500082e+03 2.055794673663052130e+00 1.935618691550187731e-01
1.781778177800000094e+03 1.813579647267663075e+00 1.984141897023496692e-01
1.781779304399200100e+03 2.198420224366760767e+00 2.378428847215284248e-01
1.781791157959999964e+03 1.720103806140488523e+00 1.907602748985405550e-01
1.781823787430000039e+03 2.035646921210984672e+00 2.128978601995201725e-01
1.781824844826500339e+03 2.118891836532213802e+00 1.982080132931918204e-01
1.781824994029200070e+03 1.744139779179223693e+00 2.212611401885475615e-01
1.781829870060000303e+03 2.171897814933866577e+00 2.165273795135924939e-01
1.781874533399200118e+03 2.271492919784837916e+00 2.456625008534731591e-01
1.781886331910000081e+03 2.051376755027694898e+00 2.105519266468528217e-01
1.781887640626500115e+03 2.600336241650328617e+00 2.151156694813591008e-01
1.781902886490000128e+03 2.260511112871587347e+00 2.307214404967209420e-01
1.781925060010000152e+03 2.408409346740768786e+00 2.248848525357248218e-01
1.781935434966500225e+03 2.376802964032574295e+00 2.497723575073670377e-01
1.781939403750000110e+03 2.429315271020784817e+00 2.323802486734531103e-01
1.781970261010000058e+03 2.873930167454555651e+00 2.447398309525243010e-01
1.781971288419199936e+03 2.466625532694482814e+00 2.133938974429210877e-01
1.781988525769200123e+03 2.089585438892903824e+00 2.348497889957778528e-01
1.782012345180000011e+03 2.726509641953715590e+00 2.378258923304838734e-01
1.782015551330000335e+03 2.932251224816387669e+00 2.544164698990286633e-01
1.782025080159199888e+03 2.621248139608760130e+00 2.140556439185080095e-01
1.782035674311900038e+03 2.913181919732632075e+00 2.806142232924653812e-01
1.782055956280000146e+03 2.929348592322351230e+00 2.505299552595104395e-01
1.782070272146500201e+03 2.777962017638143433e+00 2.217406780880208095e-01
1.782092620819200192e+03 3.119811185913355267e+00 2.840957501617970560e-01
1.782093888430000106e+03 2.779873521149720972e+00 2.446893839921998326e-01
1.782114629059999970e+03 3.689762471992973580e+00 2.771728929784333384e-01
1.782128528449199848e+03 3.427549945314740221e+00 2.999240844576515630e-01
1.782129620826500286e+03 3.182086524689220486e+00 2.401374055012762410e-01
1.782140627330000143e+03 3.822090339061896991e+00 2.762918369274864339e-01
1.782166354269999829e+03 4.556972609653498374e+00 3.057129940380329813e-01
1.782173482129200011e+03 4.684475861408984976e+00 3.563802071551135930e-01
1.782180453776500372e+03 3.531579865843477162e+00 2.516271599468319353e-01
1.782209205390000079e+03 3.901854857836890567e+00 2.879413273629083947e-01
1.782215913640000053e+03 4.346548593858926779e+00 2.979694305466457083e-01
1.782228363129200034e+03 5.015933757502326173e+00 3.558492580165054098e-01
1.782236601356500387e+03 4.337244791816142531e+00 2.728775287654621184e-01
1.782253648440000006e+03 4.821638429086745781e+00 3.197260282821220989e-01
1.782271249280000120e+03 4.476437511845460904e+00 3.030203854172312528e-01
1.782273016629200129e+03 5.647930085279639023e+00 3.151490022611048714e-01
1.782273452129199995e+03 5.228849467381989413e+00 3.642167507181753305e-01
1.782295515330000171e+03 5.772685085634292612e+00 3.403814313441734796e-01
1.782321518590000096e+03 6.417867595687200222e+00 3.640519380768783564e-01
1.782324809380000033e+03 5.824485494644278560e+00 3.608183479323938680e-01
1.782339802349199999e+03 5.880627754861929013e+00 3.884792629046994183e-01
1.782344797453700266e+03 5.579026105672048708e+00 3.098255385209067181e-01
1.782346735589999980e+03 5.530944038903561122e+00 3.484033995774809545e-01
1.782355944280000131e+03 6.155804674445794156e+00 3.512105149790340497e-01
1.782370948960000078e+03 6.281656452649547973e+00 3.643992166527694199e-01
1.782379885700000159e+03 5.460695659168609772e+00 3.418820898239236517e-01
1.782388372553700265e+03 6.426982009219257996e+00 3.342494132122225681e-01
1.782395889929199939e+03 6.734518637776619521e+00 4.117573029300040655e-01
1.782399596380000048e+03 6.455445479179477530e+00 3.652999526958279342e-01
1.782404925700000149e+03 6.813278427171800544e+00 3.715545611291247718e-01
1.782423710436500187e+03 7.328264584610625576e+00 4.323746191230423697e-01
1.782431948229999989e+03 7.352499419975210060e+00 3.873607805461105058e-01
1.782456948230000080e+03 7.342923481965685895e+00 3.910622329578807843e-01
1.782470828969200056e+03 6.745917974463765177e+00 4.138218199641138240e-01
1.782487239860000045e+03 7.260746391793516885e+00 3.874137794426095183e-01
1.782494998380000197e+03 8.107058322109963910e+00 4.084388086087831216e-01
1.782528393800000003e+03 7.681297173803866229e+00 3.980321951917723533e-01
1.782530100349199984e+03 7.928298203588962423e+00 4.470547436777750350e-01
1.782563311119999980e+03 8.034492158359013203e+00 4.069811954692693634e-01
1.782582508859999962e+03 8.196806025889623371e+00 4.158814683517621513e-01
1.782583970079200071e+03 8.661191487212693829e+00 4.640353811251807792e-01
1.782599839380000049e+03 8.729172327559746591e+00 4.193685993747633955e-01
1.782618856449199939e+03 8.434173598813696771e+00 4.616229802331371368e-01
1.782641139599999860e+03 9.030199273375943747e+00 4.306430712403130912e-01
1.782665608969999994e+03 8.145830209061504235e+00 4.124513242830494253e-01
1.782673818120000078e+03 8.780394093944794420e+00 4.268664312236573610e-01
1.782690598299200019e+03 8.726695083164779376e+00 4.763692292219030566e-01
1.782698768120000068e+03 9.229175256348765899e+00 4.390148034326745718e-01
1.782722972170000048e+03 8.713985257473295221e+00 4.204535551398059789e-01
1.782731582239199952e+03 9.022622086223639926e+00 4.781313676566043558e-01
1.782760787960000243e+03 8.581391914491710793e+00 4.196279770208091731e-01
1.782777016559200092e+03 9.442675664066877417e+00 4.864698778158763059e-01
1.782784746700000142e+03 1.011052719077291684e+01 4.489703919265262688e-01
1.782813055810000151e+03 8.773755616352280740e+00 4.211537261862503545e-01
1.782818010499200000e+03 8.421054149525426524e+00 4.663126059983424554e-01
1.782834932019999997e+03 8.632796533276739126e+00 4.261027239624902152e-01
1.782857223539999950e+03 8.576325997416555325e+00 4.191455618123972049e-01
1.782881111609200161e+03 9.324677398109056270e+00 4.856023554892119343e-01
1.782910227329999998e+03 9.465285804356470933e+00 4.396831989126037121e-01
1.782927147230000173e+03 8.866518090801575269e+00 4.300534008375601625e-01
1.782928608449200055e+03 8.488310508497676210e+00 4.703199822414186326e-01
1.782943181170000116e+03 9.448038297333130942e+00 4.412253999647555713e-01
1.782981938229999969e+03 9.781886029937092886e+00 4.439479066639659965e-01
1.782986718559199971e+03 9.585121607620543216e+00 4.873192008827909039e-01
1.783005886960000225e+03 9.408967006235272379e+00 4.405736316594535129e-01
1.783017344549200061e+03 8.322918145028024739e+00 4.598297317695040354e-01
1.783023022170000104e+03 9.792844978607481821e+00 4.435086961518521775e-01
1.783053864440000098e+03 9.866760088471872692e+00 4.497655228499145008e-01
1.783081867559199964e+03 8.804281708753677549e+00 4.723405298389402041e-01
1.783095715279999922e+03 9.455460850097169967e+00 4.398116091816111073e-01
1.783109020749999900e+03 9.146651103795555571e+00 4.338516896409484458e-01
1.783123012170000038e+03 9.637111409676624163e+00 4.427111733962757478e-01
1.783147726860000148e+03 9.733153793997363579e+00 4.477706778331704829e-01
1.783173657449199936e+03 8.872823047280027353e+00 4.799673869333588860e-01
1.783175505329999851e+03 1.008960659767205392e+01 4.579896559745834650e-01
1.783204425070000298e+03 8.853594625648733896e+00 4.289628977341924387e-01
1.783234501390000105e+03 9.059977976219181883e+00 4.258772400928118596e-01
1.783243118471900061e+03 9.153027703601098963e+00 4.882829134572315710e-01
1.783261493910000127e+03 1.003969025787747071e+01 4.491879663528821065e-01
1.783276300609200007e+03 8.939703961515675701e+00 4.799826771547731630e-01
1.783277137230000108e+03 9.647858125485210934e+00 4.389960103676271985e-01
1.783307734170000231e+03 9.491000151017662034e+00 4.431899595440744188e-01
1.783327016559200047e+03 9.613192017144895019e+00 4.953655649669576611e-01
1.783330661649999911e+03 9.097654082516031693e+00 4.289309065048398928e-01
1.783373044170000185e+03 9.422712739819010253e+00 4.317586812519419448e-01
1.783374782340000138e+03 9.612853832816478317e+00 4.416130157092709729e-01
1.783386762559199951e+03 8.901101317213015562e+00 4.806396949205543612e-01
1.783406437600000118e+03 9.809500578942149218e+00 4.437454485234343382e-01
1.783432127891900109e+03 9.598997385091395884e+00 5.038323095701985332e-01
1.783434233069999891e+03 9.725431646414161690e+00 4.445839178354898946e-01
1.783448056170000200e+03 9.559519665803295041e+00 4.462877109572913059e-01
1.783475537659199972e+03 9.402114951827059031e+00 4.999223306640025455e-01
1.783479427070000384e+03 9.623974747727098489e+00 4.406288539027697904e-01
1.783494198430000097e+03 9.317368445729551141e+00 4.349083189018748130e-01
1.783530531979200077e+03 9.403591361745798238e+00 4.894039257028426348e-01
1.783533403120000003e+03 1.000997915357680057e+01 4.531396125975737377e-01
1.783563846760000160e+03 9.770343297113580405e+00 4.476533637177734781e-01
1.783579329399200333e+03 8.680169172490046492e+00 4.738737872140161844e-01
1.783597950170000104e+03 9.712825812744400267e+00 4.464082672854269851e-01
1.783608740480000279e+03 9.102348410103257237e+00 4.372105450848460806e-01
1.783631140609200202e+03 9.496192157397977951e+00 4.894084158099373250e-01
1.783650305010000011e+03 9.899185381781325788e+00 4.530003265841470173e-01
1.783684462390000135e+03 1.006601524580582563e+01 4.541622095064513642e-01
1.783686438239200243e+03 9.394001983502025865e+00 4.996333444595351114e-01
