# TV + EV - Bias [kV] Yield [a.u.] Yield Error [a.u.]
1.200942485981900063e+03 1.494975635765805611e-01 5.115356689504310141e-03
1.200970755091899946e+03 1.585697950368644416e-01 5.318009328561587937e-03
1.201004661151899882e+03 1.548850486506070379e-01 5.306445648790282694e-03
1.201017731301900085e+03 1.545752023640937500e-01 5.279360954166864746e-03
1.201052658621900036e+03 1.526192969268118649e-01 5.243803386965359067e-03
1.201062584981899818e+03 1.583355976339715643e-01 5.380622547630521495e-03
1.201152597661900018e+03 1.552393901481538829e-01 5.371403657656390572e-03
1.201154425831899971e+03 1.486041317547759921e-01 5.100043040632526274e-03
1.201200911411900051e+03 1.610025207380249013e-01 5.462330961396060468e-03
1.201232018991900077e+03 1.691209716082435754e-01 5.675953595227700536e-03
1.201251862671899971e+03 2.027377680483218314e-01 6.268033460385615159e-03
1.201290219101899993e+03 2.371366702516231606e-01 6.870453084778854400e-03
1.201297326991900036e+03 2.813366679815901272e-01 7.692166018275807364e-03
1.201332257289199788e+03 3.533488362494940915e-01 8.794433330015413372e-03
1.201349821141900293e+03 4.132123604833706221e-01 9.657220406179643085e-03
1.201357266351900080e+03 4.523966455363588879e-01 1.013400210781185105e-02
1.201392975599199872e+03 5.192782039390648752e-01 1.097349450852708359e-02
1.201416937351900060e+03 5.642284885810060491e-01 1.148456028648501409e-02
1.201440720771899805e+03 5.942931350515628930e-01 1.180667962730552051e-02
1.201470797091900067e+03 6.583237597509973282e-01 1.243737117283103509e-02
1.201503708881900138e+03 6.432036782021458565e-01 1.238552591469556374e-02
1.201527854931900038e+03 6.944086872977333069e-01 1.284873818772932705e-02
1.201537625981899964e+03 7.470964688310955948e-01 1.343643410740663104e-02
1.201575372781900114e+03 7.246028826390226163e-01 1.318921139926126918e-02
1.201602866931899825e+03 7.428915313187037794e-01 1.342492482831860075e-02
1.201630758411900160e+03 7.670553024023754052e-01 1.355359265322580130e-02
1.201639389191899909e+03 7.554328184216948516e-01 1.354081155772035062e-02
1.201685543411899971e+03 7.742462800722577088e-01 1.359813176978068652e-02
1.201698788869199689e+03 7.672349163547014239e-01 1.357315908752207423e-02
1.201705241844699913e+03 7.643379280154549704e-01 1.348942974701119839e-02
1.201752967931900002e+03 7.713721262614581242e-01 1.366273751295882417e-02
1.201781741671900136e+03 7.363399479218040167e-01 1.333159507939345526e-02
