# TV + EV - Bias [kV] Yield [a.u.] Yield Error [a.u.]
9.827149956399999837e+02 1.733990353392472539e+00 0.000000000000000000e+00 3.206169295740234071e-02
9.826917148510000288e+02 1.743524421438192640e+00 0.000000000000000000e+00 3.210260403002344887e-02
9.826700679570000148e+02 1.735116449047554354e+00 0.000000000000000000e+00 3.200630793873818214e-02
9.826392206919999808e+02 1.732540774796965000e+00 0.000000000000000000e+00 3.247336835347346129e-02
9.826081101109999736e+02 1.731951982125574885e+00 0.000000000000000000e+00 3.203656964381253192e-02
9.825907305870000528e+02 1.672059695294653148e+00 0.000000000000000000e+00 3.153402710180619462e-02
9.825649706399999559e+02 1.650861180698460551e+00 0.000000000000000000e+00 3.118765083429060614e-02
9.825259532669999771e+02 1.627818671718220811e+00 0.000000000000000000e+00 3.109750070350991019e-02
9.825187393769999744e+02 1.680393856903066530e+00 0.000000000000000000e+00 3.144827607816925302e-02
9.824809925839999778e+02 1.567649686607294868e+00 0.000000000000000000e+00 3.050674625331930775e-02
9.824733870630000183e+02 1.520949542928527132e+00 0.000000000000000000e+00 3.003038330837996470e-02
9.824338590590000422e+02 1.508852223841725015e+00 0.000000000000000000e+00 2.966458017838866090e-02
9.824082694269999365e+02 1.509331605876572890e+00 0.000000000000000000e+00 2.985647628138060269e-02
9.823603779540000005e+02 1.369236639518476517e+00 0.000000000000000000e+00 2.818408004163089689e-02
9.823488296950000631e+02 1.280390807989786550e+00 0.000000000000000000e+00 2.731254299928601720e-02
9.823213655360000303e+02 1.186466206696191295e+00 0.000000000000000000e+00 2.630156208930330142e-02
9.822956125880000400e+02 9.878783925119394294e-01 0.000000000000000000e+00 2.397396362373461001e-02
9.822629701130000512e+02 9.274440785712176893e-01 0.000000000000000000e+00 2.302034985219413715e-02
9.822358665859999292e+02 6.990402991991233606e-01 0.000000000000000000e+00 2.003154329300792583e-02
9.822073051639999903e+02 5.992416420472140848e-01 0.000000000000000000e+00 1.837021185905800616e-02
9.821940746930000614e+02 4.006060664193850651e-01 0.000000000000000000e+00 1.512311003098298565e-02
9.821662032190000673e+02 3.083721810959372811e-01 0.000000000000000000e+00 1.324193107346430254e-02
9.821368948489999866e+02 2.497432429564705181e-01 0.000000000000000000e+00 1.209722949432973614e-02
9.821116695329999402e+02 2.148199094811275300e-01 0.000000000000000000e+00 1.115902927212013979e-02
9.820818385320001198e+02 1.690037868124148190e-01 0.000000000000000000e+00 9.802952918381671252e-03
9.820575144799998952e+02 1.296780335005067730e-01 0.000000000000000000e+00 8.862157795134535318e-03
9.820458509039999626e+02 1.064296961620186666e-01 0.000000000000000000e+00 7.829232963160076206e-03
9.820126907970000047e+02 1.016632203894992231e-01 0.000000000000000000e+00 7.766200777343311261e-03
9.819906845869999188e+02 8.320305607578001861e-02 0.000000000000000000e+00 7.025741919441281201e-03
9.819792363279999563e+02 9.085108732759308858e-02 0.000000000000000000e+00 7.454427458352064217e-03
9.819317885320000414e+02 6.234503233882272843e-02 0.000000000000000000e+00 6.641228007010894357e-03
9.819305729069999416e+02 7.407267741540096706e-02 0.000000000000000000e+00 6.825515233793324858e-03
9.818797260049999522e+02 6.055157583347030303e-02 0.000000000000000000e+00 6.165442027366880608e-03
9.818731287470000098e+02 5.345289176522927121e-02 0.000000000000000000e+00 5.821602073440811098e-03
9.818353829540000106e+02 4.476279855973350902e-02 0.000000000000000000e+00 5.378068262085318463e-03
9.818113542169999164e+02 4.512657475151343744e-02 0.000000000000000000e+00 5.457970397598948913e-03
9.817909699029999047e+02 4.828141856981973262e-02 0.000000000000000000e+00 5.607509703348910468e-03
9.817685630619999984e+02 4.602507239241188791e-02 0.000000000000000000e+00 5.562480552159953899e-03
9.817338810590000548e+02 4.089969163245760209e-02 0.000000000000000000e+00 5.075621139059662869e-03
9.817197696409999708e+02 5.219440723819437911e-02 0.000000000000000000e+00 5.733565208726407181e-03
9.816578297949999978e+02 3.864287137632123337e-02 0.000000000000000000e+00 5.005997092775268248e-03
9.816480587470000501e+02 4.479257200361112107e-02 0.000000000000000000e+00 5.456015251112709442e-03
9.816083104269998785e+02 3.736067329242079987e-02 0.000000000000000000e+00 4.981864696013900938e-03
9.815963415360000681e+02 3.386391665315224841e-02 0.000000000000000000e+00 4.527971447281997457e-03
9.815777544329999955e+02 3.112338126757350359e-02 0.000000000000000000e+00 4.650312751449916376e-03
9.815406845869999870e+02 3.766042683603098434e-02 0.000000000000000000e+00 4.939456649911021756e-03
9.842006345900000497e+02 1.746400764969022745e+00 0.000000000000000000e+00 3.097229900095489763e-02
9.841320585319999736e+02 1.697842562571917346e+00 0.000000000000000000e+00 3.066242029151818038e-02
9.840815279009999585e+02 1.714350421983764639e+00 0.000000000000000000e+00 3.073975684533063885e-02
9.840532577489999539e+02 1.660315766689710149e+00 0.000000000000000000e+00 3.020915400049038052e-02
9.839917025350000586e+02 1.756481825869821378e+00 0.000000000000000000e+00 3.094503809300206201e-02
9.839506935900000144e+02 1.739949409223530585e+00 0.000000000000000000e+00 3.110918648331853151e-02
9.838817632170000707e+02 1.663878126734307017e+00 0.000000000000000000e+00 3.026963463425176581e-02
9.838416705350000484e+02 1.711529477007820210e+00 0.000000000000000000e+00 3.080850267096198192e-02
9.837973894839999502e+02 1.718692292669971922e+00 0.000000000000000000e+00 3.092391710649253223e-02
9.837281907950000459e+02 1.774365279525123462e+00 0.000000000000000000e+00 3.146619470496418713e-02
9.836953369569999950e+02 1.676131110478615183e+00 0.000000000000000000e+00 3.026208520784401043e-02
9.836371308499999486e+02 1.749388584856714113e+00 0.000000000000000000e+00 3.106950782574955522e-02
9.835930531139999857e+02 1.745833102331320497e+00 0.000000000000000000e+00 3.101108152436074863e-02
9.834863149020000037e+02 1.676060688121861375e+00 0.000000000000000000e+00 3.050922909766901406e-02
9.834361095859999295e+02 1.749031885697504229e+00 0.000000000000000000e+00 3.107134425019939666e-02
9.833881321129998696e+02 1.656613946802331760e+00 0.000000000000000000e+00 3.031856865160227274e-02
9.833486400630000617e+02 1.730671718395288661e+00 0.000000000000000000e+00 3.079800559230834803e-02
9.832822698480000554e+02 1.664978998063837201e+00 0.000000000000000000e+00 3.048537447185042243e-02
9.832310532689999718e+02 1.741248366949255555e+00 0.000000000000000000e+00 3.108769349846774929e-02
9.831748756880000428e+02 1.778245844165063927e+00 0.000000000000000000e+00 3.134770912730471676e-02
9.831357842700000447e+02 1.768934628208014281e+00 0.000000000000000000e+00 3.123679682000998770e-02
9.830789507419999609e+02 1.741186937127363388e+00 0.000000000000000000e+00 3.092225783640798614e-02
9.830307179530000212e+02 1.733275368658774518e+00 0.000000000000000000e+00 3.094755519393654897e-02
9.829922771669999975e+02 1.713389761302514636e+00 0.000000000000000000e+00 3.067809161604592716e-02
9.829371308499999031e+02 1.730753469711243220e+00 0.000000000000000000e+00 3.081510920993162442e-02
9.828846476910000547e+02 1.719974815555103786e+00 0.000000000000000000e+00 3.081818142651897990e-02
9.828300020059999724e+02 1.745495993705110660e+00 0.000000000000000000e+00 3.105928178624195457e-02
9.827891133770000351e+02 1.767604588382311048e+00 0.000000000000000000e+00 3.119432826390146352e-02
9.827448003260000178e+02 1.730431578659102465e+00 0.000000000000000000e+00 3.082340513930571096e-02
9.826924824830000489e+02 1.741006924238482467e+00 0.000000000000000000e+00 3.100595070423573310e-02
9.826427677990000120e+02 1.726205699853156972e+00 0.000000000000000000e+00 3.091771191321183651e-02
