# TV + EV - Bias [kV] Yield [a.u.] Yield Error [a.u.]
1.201000267104533123e+03 1.637906742565464480e-01 3.791694608338262544e-03
1.201021362830088719e+03 1.619848335003890583e-01 3.772192918789623543e-03
1.201053428967588843e+03 1.605532173785864936e-01 3.757237310491183188e-03
1.201074580887899629e+03 1.697494609738108839e-01 3.860934881446255722e-03
1.201101100804122552e+03 1.646439051806596610e-01 3.802288119059403417e-03
1.201122238939233284e+03 1.637102041821731913e-01 3.793900282291348073e-03
1.201150925203010956e+03 1.751911772575601711e-01 3.924267301411842913e-03
1.201171473678055236e+03 1.769257807905851854e-01 3.941427982989276733e-03
1.201197865682310749e+03 1.896321750442488685e-01 4.085913581075929606e-03
1.201222742846500068e+03 2.092351406602823150e-01 4.292510904857426215e-03
1.201246664903644614e+03 2.354088681672143191e-01 4.560098383281230815e-03
1.201275913182788827e+03 2.808352020127489745e-01 4.986375216146340765e-03
1.201297385860477334e+03 3.331115620343103045e-01 5.449142409589186921e-03
1.201323549340344243e+03 3.836685039480971504e-01 5.852931910045456113e-03
1.201347846371455489e+03 4.444033752115133518e-01 6.310740098652254347e-03
1.201377385689232824e+03 4.952146122789597982e-01 6.680509755557865678e-03
1.201399167062088509e+03 5.517469605212504957e-01 7.060924201581865456e-03
1.201451867793011161e+03 6.376964129499583800e-01 7.624108596295946748e-03
1.201471184944977722e+03 6.714711449193991877e-01 7.819442453917238231e-03
1.201502814526533712e+03 6.913278037181064262e-01 7.942100529960112801e-03
1.201522818668054924e+03 7.134993584335433958e-01 8.079825315763285859e-03
1.201549555130566432e+03 7.132567314098969824e-01 8.083299665567979589e-03
1.201574315855455325e+03 7.287497814471630697e-01 8.175823112656667446e-03
1.201603462689455228e+03 7.283439048388907766e-01 8.162028977574306218e-03
1.201629064468788556e+03 7.453451016207367497e-01 8.262254320842404853e-03
1.201652558493644392e+03 7.634708138342243267e-01 8.375137145826034787e-03
1.201674882251644249e+03 7.397003955026488775e-01 8.246939844201684258e-03
1.201700735382788935e+03 7.472761983479457859e-01 8.291305608349324591e-03
1.201726680095644269e+03 7.649857449481308747e-01 8.385199409829109315e-03
1.201750997961455141e+03 7.578154866723721961e-01 8.350362078858811904e-03
1.201802008841866154e+03 7.665550120122496258e-01 8.399373554051771384e-03
1.201821558435833140e+03 7.697798897433469900e-01 8.416539935706004658e-03
1.201851967841866326e+03 7.608934005787173493e-01 8.354406871256247688e-03
1.201870902708788890e+03 7.501355825728978077e-01 8.311273305753109561e-03
1.201904046363232965e+03 7.761742056316015548e-01 8.452669861384669650e-03
1.201923161103866732e+03 7.540808061817058094e-01 8.334038291313003444e-03
1.201951853021422039e+03 7.559398793050512433e-01 8.331718267622060040e-03
1.201976541511611003e+03 7.708215462451902811e-01 8.421890450935415329e-03
1.202002518799421978e+03 7.601479293326864894e-01 8.365405056080884097e-03
