# TV + EV - Bias [kV] Yield [a.u.] Yield Error [a.u.]
1.572337367589199857e+03 1.464243587767359189e+00 3.276177060796701956e-02
1.572287661911900159e+03 1.439819658313178596e+00 3.241394120681227037e-02
1.572246264651899992e+03 1.417678861087835029e+00 3.220762918726334523e-02
1.572181772651899792e+03 1.337137214297447363e+00 3.139933580039763750e-02
1.572138388861900012e+03 1.344082007186194305e+00 3.137650870839520101e-02
1.572085255071900065e+03 1.139856552037546988e+00 2.888173321427214141e-02
1.572039701429200022e+03 9.634871962970338322e-01 2.664088852695819382e-02
1.571991190341900165e+03 7.478832226337508438e-01 2.345404216938893477e-02
1.571939690441899984e+03 4.595247792148919319e-01 1.826674980734064452e-02
1.571898588501899894e+03 2.451384521449045950e-01 1.334774312749553889e-02
1.571832052971899884e+03 1.293753746318734854e-01 9.930706438147175741e-03
1.571778186209199930e+03 1.028858860583856116e-01 8.982783336716218536e-03
1.571742676231900077e+03 6.821457504860788112e-02 7.714316185229438266e-03
1.571635812701900022e+03 7.824483311509874972e-02 7.604030965238990636e-03
1.571577685579200079e+03 6.403161290181932919e-02 7.216860010340612336e-03
1.571524588811900003e+03 7.028074923097764326e-02 7.694011039628411396e-03
