 1780.8616 0.7042784217
 1780.8904 0.7156492123
 1780.9192 0.7275570698
 1780.9480 0.7400397277
 1780.9768 0.7531385150
 1781.0056 0.7668987933
 1781.0344 0.7813704598
 1781.0632 0.7966085258
 1781.0919 0.8126737870
 1781.1207 0.8296335996
 1781.1495 0.8475627840
 1781.1783 0.8665446796
 1781.2071 0.8866723807
 1781.2359 0.9080501891
 1781.2647 0.9307953261
 1781.2935 0.9550399590
 1781.3223 0.9809336040
 1781.3511 1.0086459845
 1781.3799 1.0383704366
 1781.4087 1.0703279712
 1781.4375 1.1047721183
 1781.4663 1.1419946920
 1781.4951 1.1823326181
 1781.5239 1.2261759486
 1781.5527 1.2739771238
 1781.5815 1.3262614068
 1781.6103 1.3836381409
 1781.6391 1.4468120177
 1781.6678 1.5165928153
 1781.6966 1.5939011143
 1781.7254 1.6797665551
 1781.7542 1.7753148907
 1781.7830 1.8817413185
 1781.8118 2.0002708016
 1781.8406 2.1321101145
 1781.8694 2.2783981754
 1781.8982 2.4401587249
 1781.9270 2.6182544515
 1781.9558 2.8133387051
 1781.9846 3.0258021985
 1782.0134 3.2557158619
 1782.0422 3.5027744433
 1782.0710 3.7662472115
 1782.0998 4.0449423381
 1782.1286 4.3371907579
 1782.1574 4.6408539176
 1782.1862 4.9533580085
 1782.2149 5.2717551396
 1782.2437 5.5928095994
 1782.2725 5.9131050647
 1782.3013 6.2291665881
 1782.3301 6.5375896588
 1782.3589 6.8351677894
 1782.3877 7.1190100455
 1782.4165 7.3866407316
 1782.4453 7.6360749907
 1782.4741 7.8658661859
 1782.5029 8.0751233686
 1782.5317 8.2634996252
 1782.5605 8.4311543716
 1782.5893 8.5786945108
 1782.6181 8.7071006549
 1782.6469 8.8176452706
 1782.6757 8.9118096209
 1782.7045 8.9912057427
 1782.7333 9.0575083046
 1782.7620 9.1123988829
 1782.7908 9.1575220489
 1782.8196 9.1944496275
 1782.8484 9.2246485652
 1782.8772 9.2494505531
 1782.9060 9.2700263682
 1782.9348 9.2873705988
 1782.9636 9.3023004879
 1782.9924 9.3154680066
 1783.0212 9.3273807073
 1783.0500 9.3384260941
 1783.0788 9.3488954591
 1783.1076 9.3590049077
 1783.1364 9.3689127440
 1783.1652 9.3787332678
 1783.1940 9.3885474399
 1783.2228 9.3984109937
 1783.2516 9.4083605477
 1783.2804 9.4184181884
 1783.3091 9.4285948999
 1783.3379 9.4388931325
 1783.3667 9.4493087292
 1783.3955 9.4598323756
 1783.4243 9.4704506952
 1783.4531 9.4811470811
 1783.4819 9.4919023307
 1783.5107 9.5026951336
 1783.5395 9.5135024495
 1783.5683 9.5242998039
 1783.5971 9.5350615214
 1783.6259 9.5457609139
 1783.6547 9.5563704325
 1783.6835 9.5668617947
 1783.7123 9.5772060919
