  981.2812 0.0322138723
  981.3034 0.0326185390
  981.3256 0.0330439244
  981.3479 0.0334916430
  981.3701 0.0339634830
  981.3923 0.0344614307
  981.4145 0.0349876991
  981.4368 0.0355447616
  981.4590 0.0361353926
  981.4812 0.0367627151
  981.5035 0.0374302589
  981.5257 0.0381420308
  981.5479 0.0389025992
  981.5701 0.0397172004
  981.5924 0.0405918681
  981.6146 0.0415335974
  981.6368 0.0425505525
  981.6591 0.0436523323
  981.6813 0.0448503183
  981.7035 0.0461581345
  981.7258 0.0475922703
  981.7480 0.0491729456
  981.7702 0.0509253502
  981.7924 0.0528814984
  981.8147 0.0550831680
  981.8369 0.0575869294
  981.8591 0.0604732575
  981.8814 0.0638608199
  981.9036 0.0679209503
  981.9258 0.0728941548
  981.9480 0.0791260677
  981.9703 0.0871509442
  981.9925 0.0977102755
  982.0147 0.1116219644
  982.0370 0.1300958669
  982.0592 0.1547501171
  982.0814 0.1874798733
  982.1036 0.2302689777
  982.1259 0.2849299110
  982.1481 0.3526884777
  982.1703 0.4338127538
  982.1926 0.5272319048
  982.2148 0.6304698863
  982.2370 0.7397478901
  982.2592 0.8505318118
  982.2815 0.9582603613
  982.3037 1.0592870969
  982.3259 1.1514913908
  982.3482 1.2339741498
  982.3704 1.3069449437
  982.3926 1.3710874462
  982.4148 1.4270486167
  982.4371 1.4755524296
  982.4593 1.5174560182
  982.4815 1.5538873427
  982.5038 1.5857526937
  982.5260 1.6137827299
  982.5482 1.6386432856
  982.5705 1.6607222858
  982.5927 1.6803543615
  982.6149 1.6976996019
  982.6371 1.7127501341
  982.6594 1.7254923258
  982.6816 1.7361148914
  982.7038 1.7449716009
  982.7261 1.7520414593
  982.7483 1.7572401012
  982.7705 1.7606329886
  982.7927 1.7623705362
  982.8150 1.7627769361
  982.8372 1.7623970883
  982.8594 1.7613134588
  982.8817 1.7594900330
  982.9039 1.7570034453
  982.9261 1.7539895484
  982.9483 1.7507086784
  982.9706 1.7473101329
  982.9928 1.7437681084
  983.0150 1.7400110752
  983.0373 1.7360890476
  983.0595 1.7323625497
  983.0817 1.7289262779
  983.1039 1.7256396480
  983.1262 1.7223994439
  983.1484 1.7191852458
  983.1706 1.7161685411
  983.1929 1.7133407547
  983.2151 1.7105637352
  983.2373 1.7077743832
  983.2596 1.7051484394
  983.2818 1.7028589831
  983.3040 1.7007954490
  983.3262 1.6988310611
  983.3485 1.6969143897
  983.3707 1.6951671405
  983.3929 1.6935690363
  983.4152 1.6919792170
  983.4374 1.6903651091
  983.4596 1.6889487496
  983.4818 1.6877691384
