  625.6601 -0.0000013746
  625.6763 0.0000369204
  625.6926 0.0000778317
  625.7088 0.0001216536
  625.7250 0.0001687295
  625.7413 0.0002194643
  625.7575 0.0002743410
  625.7737 0.0003339460
  625.7900 0.0003990092
  625.8062 0.0004704746
  625.8225 0.0005496308
  625.8387 0.0006383637
  625.8549 0.0007396466
  625.8712 0.0008584805
  625.8874 0.0010036407
  625.9037 0.0011907828
  625.9199 0.0014476861
  625.9361 0.0018225726
  625.9524 0.0023964017
  625.9686 0.0032995643
  625.9849 0.0047322717
  626.0011 0.0069860144
  626.0173 0.0104609408
  626.0336 0.0156714727
  626.0498 0.0232310497
  626.0660 0.0338079356
  626.0823 0.0480485994
  626.0985 0.0664734029
  626.1148 0.0893596421
  626.1310 0.1166362403
  626.1472 0.1478185792
  626.1635 0.1820078982
  626.1797 0.2179667676
  626.1960 0.2542632473
  626.2122 0.2894572747
  626.2284 0.3222901996
  626.2447 0.3518368854
  626.2609 0.3775901298
  626.2772 0.3994657326
  626.2934 0.4177369584
  626.3096 0.4329227925
  626.3259 0.4456610475
  626.3421 0.4565944842
  626.3583 0.4662884304
  626.3746 0.4751863413
  626.3908 0.4835994561
  626.4071 0.4917205946
  626.4233 0.4996505571
  626.4395 0.5074273648
  626.4558 0.5150519667
  626.4720 0.5225075057
  626.4883 0.5297718446
  626.5045 0.5368245217
  626.5207 0.5436497976
  626.5370 0.5502373507
  626.5532 0.5565817906
  626.5695 0.5626817281
  626.5857 0.5685387991
  626.6019 0.5741568203
  626.6182 0.5795411281
  626.6344 0.5846980834
  626.6506 0.5896347087
  626.6669 0.5943584283
  626.6831 0.5988768848
  626.6994 0.6031978057
  626.7156 0.6073289054
  626.7318 0.6112778162
  626.7481 0.6150520412
  626.7643 0.6186589180
  626.7806 0.6221055919
  626.7968 0.6253990005
  626.8130 0.6285458645
  626.8293 0.6315526802
  626.8455 0.6344257147
  626.8618 0.6371710080
  626.8780 0.6397943757
  626.8942 0.6423014104
  626.9105 0.6446974849
  626.9267 0.6469877602
  626.9429 0.6491771914
  626.9592 0.6512705315
  626.9754 0.6532723381
  626.9917 0.6551869824
  627.0079 0.6570186555
  627.0241 0.6587713727
  627.0404 0.6604489812
  627.0566 0.6620551686
  627.0729 0.6635934687
  627.0891 0.6650672649
  627.1053 0.6664797989
  627.1216 0.6678341779
  627.1378 0.6691333784
  627.1541 0.6703802505
  627.1703 0.6715775258
  627.1865 0.6727278230
  627.2028 0.6738336507
  627.2190 0.6748974117
  627.2352 0.6759214103
  627.2515 0.6769078562
  627.2677 0.6778588665
