 1571.5013 0.0987279324
 1571.5121 0.0988514993
 1571.5230 0.0989818367
 1571.5338 0.0991197488
 1571.5447 0.0992667175
 1571.5555 0.0994243105
 1571.5664 0.0995935892
 1571.5772 0.0997765583
 1571.5881 0.0999759144
 1571.5989 0.1001951932
 1571.6098 0.1004390431
 1571.6206 0.1007135862
 1571.6315 0.1010268800
 1571.6423 0.1013894992
 1571.6532 0.1018152579
 1571.6640 0.1023220917
 1571.6749 0.1029331165
 1571.6857 0.1036778749
 1571.6966 0.1045937715
 1571.7074 0.1057276887
 1571.7183 0.1071377550
 1571.7291 0.1088952184
 1571.7400 0.1110863557
 1571.7508 0.1138143162
 1571.7617 0.1172007782
 1571.7725 0.1213872612
 1571.7834 0.1265359201
 1571.7942 0.1328296322
 1571.8051 0.1404711704
 1571.8159 0.1496812900
 1571.8267 0.1606955465
 1571.8376 0.1737597424
 1571.8484 0.1891239455
 1571.8593 0.2070350896
 1571.8701 0.2277283260
 1571.8810 0.2514173020
 1571.8918 0.2782837739
 1571.9027 0.3084669584
 1571.9135 0.3420531649
 1571.9244 0.3790663535
 1571.9352 0.4194601345
 1571.9461 0.4631119517
 1571.9569 0.5098198453
 1571.9678 0.5593023114
 1571.9786 0.6112015188
 1571.9895 0.6650898712
 1572.0003 0.7204799729
 1572.0112 0.7768374296
 1572.0220 0.8335961633
 1572.0329 0.8901753969
 1572.0437 0.9459974917
 1572.0546 1.0005058538
 1572.0654 1.0531817831
 1572.0763 1.1035596754
 1572.0871 1.1512396146
 1572.0980 1.1958969278
 1572.1088 1.2372883217
 1572.1197 1.2752543517
 1572.1305 1.3097184831
 1572.1414 1.3406828128
 1572.1522 1.3682210756
 1572.1631 1.3924694126
 1572.1739 1.4136155684
 1572.1848 1.4318872667
 1572.1956 1.4475403163
 1572.2064 1.4608471643
 1572.2173 1.4720863067
 1572.2281 1.4815329944
 1572.2390 1.4894514866
 1572.2498 1.4960889584
 1572.2607 1.5016711249
 1572.2715 1.5063994570
 1572.2824 1.5104498645
 1572.2932 1.5139726207
 1572.3041 1.5170932900
 1572.3149 1.5199144195
 1572.3258 1.5225177420
 1572.3366 1.5249666865
 1572.3475 1.5273090020
 1572.3583 1.5295793486
 1572.3692 1.5318017449
 1572.3800 1.5339917909
 1572.3909 1.5361586244
 1572.4017 1.5383065897
 1572.4126 1.5404366204
 1572.4234 1.5425473528
 1572.4343 1.5446359951
 1572.4451 1.5466989862
 1572.4560 1.5487324755
 1572.4668 1.5507326575
 1572.4777 1.5526959920
 1572.4885 1.5546193366
 1572.4994 1.5565000137
 1572.5102 1.5583358301
 1572.5211 1.5601250615
 1572.5319 1.5618663867
 1572.5428 1.5635585840
 1572.5536 1.5652013240
 1572.5645 1.5667950707
 1572.5753 1.5683398399
