 1571.5446 0.0543449853
 1571.5531 0.0545505264
 1571.5616 0.0548412510
 1571.5702 0.0554671298
 1571.5787 0.0558465995
 1571.5872 0.0565195660
 1571.5958 0.0571629091
 1571.6043 0.0577879681
 1571.6128 0.0583338237
 1571.6214 0.0588442399
 1571.6299 0.0590899841
 1571.6384 0.0603062149
 1571.6469 0.0615418620
 1571.6555 0.0625758987
 1571.6640 0.0631514189
 1571.6725 0.0639899363
 1571.6811 0.0652515732
 1571.6896 0.0664451716
 1571.6981 0.0677435222
 1571.7067 0.0690802001
 1571.7152 0.0715172663
 1571.7237 0.0719209942
 1571.7322 0.0736416947
 1571.7408 0.0772381626
 1571.7493 0.0802251211
 1571.7578 0.0830391700
 1571.7664 0.0868437714
 1571.7749 0.0898209562
 1571.7834 0.0951717097
 1571.7920 0.1023250078
 1571.8005 0.1064338080
 1571.8090 0.1141707651
 1571.8175 0.1235878953
 1571.8261 0.1302174076
 1571.8346 0.1398195148
 1571.8431 0.1545043226
 1571.8517 0.1688334796
 1571.8602 0.1845726134
 1571.8687 0.2021550159
 1571.8773 0.2187081288
 1571.8858 0.2429416295
 1571.8943 0.2665066911
 1571.9028 0.2920922736
 1571.9114 0.3244737219
 1571.9199 0.3543278209
 1571.9284 0.3881818184
 1571.9370 0.4197131693
 1571.9455 0.4604635495
 1571.9540 0.4999619763
 1571.9626 0.5446068393
 1571.9711 0.5815222944
 1571.9796 0.6246740950
 1571.9881 0.6756507483
 1571.9967 0.7153583694
 1572.0052 0.7628594392
 1572.0137 0.8094694132
 1572.0223 0.8494299113
 1572.0308 0.8857271542
 1572.0393 0.9310838915
 1572.0479 0.9740075591
 1572.0564 1.0150193100
 1572.0649 1.0458020286
 1572.0734 1.0753441545
 1572.0820 1.1099328442
 1572.0905 1.1409914080
 1572.0990 1.1692036912
 1572.1076 1.2008522459
 1572.1161 1.2205882681
 1572.1246 1.2402332609
 1572.1332 1.2602327124
 1572.1417 1.2862008159
 1572.1502 1.2925297696
 1572.1587 1.3126001868
 1572.1673 1.3265506651
 1572.1758 1.3364881564
 1572.1843 1.3705966575
 1572.1929 1.3652026175
 1572.2014 1.3870388346
 1572.2099 1.4082224247
 1572.2185 1.3908376032
 1572.2270 1.4040848197
 1572.2355 1.4275700568
 1572.2440 1.4262257796
 1572.2526 1.4285820026
 1572.2611 1.4400979761
 1572.2696 1.4266936102
 1572.2782 1.4488501266
 1572.2867 1.4383975442
 1572.2952 1.4375459147
 1572.3037 1.4703700277
 1572.3123 1.4484116102
 1572.3208 1.4597867900
 1572.3293 1.4545208254
 1572.3379 1.4728988507
 1572.3464 1.4625382519
 1572.3549 1.4415486186
 1572.3635 1.4555799777
 1572.3720 1.4526597678
 1572.3805 1.4704652693
 1572.3890 1.4528479764
