 1200.9425 0.1476397390
 1200.9510 0.1476485887
 1200.9594 0.1476584526
 1200.9679 0.1476703042
 1200.9764 0.1476841592
 1200.9849 0.1476989134
 1200.9933 0.1477156794
 1201.0018 0.1477392946
 1201.0103 0.1477700238
 1201.0188 0.1478050742
 1201.0273 0.1478410131
 1201.0357 0.1478999793
 1201.0442 0.1479802850
 1201.0527 0.1480865817
 1201.0612 0.1481761548
 1201.0696 0.1483351902
 1201.0781 0.1485446589
 1201.0866 0.1488719243
 1201.0951 0.1491099639
 1201.1036 0.1495246153
 1201.1120 0.1500280246
 1201.1205 0.1509276170
 1201.1290 0.1515649645
 1201.1375 0.1525614228
 1201.1459 0.1536460018
 1201.1544 0.1557755696
 1201.1629 0.1573852466
 1201.1714 0.1595722455
 1201.1799 0.1616471848
 1201.1883 0.1659979242
 1201.1968 0.1695782559
 1201.2053 0.1740016805
 1201.2138 0.1775188315
 1201.2222 0.1852647887
 1201.2307 0.1919986717
 1201.2392 0.2002742486
 1201.2477 0.2055976985
 1201.2561 0.2176761641
 1201.2646 0.2283297953
 1201.2731 0.2423466600
 1201.2816 0.2497446773
 1201.2901 0.2662092418
 1201.2985 0.2806738787
 1201.3070 0.3013404028
 1201.3155 0.3112740913
 1201.3240 0.3307358397
 1201.3324 0.3481266936
 1201.3409 0.3737401998
 1201.3494 0.3871318136
 1201.3579 0.4067818407
 1201.3664 0.4259442588
 1201.3748 0.4520070055
 1201.3833 0.4697261318
 1201.3918 0.4861744426
 1201.4003 0.5062356457
 1201.4087 0.5273556717
 1201.4172 0.5491767437
 1201.4257 0.5596524080
 1201.4342 0.5803641530
 1201.4426 0.5925544166
 1201.4511 0.6171053353
 1201.4596 0.6201184232
 1201.4681 0.6418608249
 1201.4766 0.6435886557
 1201.4850 0.6695436013
 1201.4935 0.6647146827
 1201.5020 0.6881697132
 1201.5105 0.6800874644
 1201.5189 0.7070144756
 1201.5274 0.6947640027
 1201.5359 0.7204307519
 1201.5444 0.7044874404
 1201.5529 0.7325251586
 1201.5613 0.7140392127
 1201.5698 0.7418624791
 1201.5783 0.7204285024
 1201.5868 0.7495741354
 1201.5952 0.7266575533
 1201.6037 0.7559684693
 1201.6122 0.7313001656
 1201.6207 0.7610641672
 1201.6291 0.7357360231
 1201.6376 0.7654533943
 1201.6461 0.7395176686
 1201.6546 0.7689632131
 1201.6631 0.7431216005
 1201.6715 0.7719844758
 1201.6800 0.7464872559
 1201.6885 0.7744185106
 1201.6970 0.7497385606
 1201.7054 0.7764476692
 1201.7139 0.7529014412
 1201.7224 0.7780515831
 1201.7309 0.7559992081
 1201.7394 0.7793061639
 1201.7478 0.7590538335
 1201.7563 0.7802274770
 1201.7648 0.7620669702
 1201.7733 0.7808554349
 1201.7817 0.7650459907
