 1780.8258 0.8581455597
 1780.8547 0.8683516713
 1780.8836 0.8789793230
 1780.9125 0.8900543114
 1780.9414 0.9016045710
 1780.9703 0.9136604016
 1780.9992 0.9262547242
 1781.0281 0.9394233710
 1781.0570 0.9532054155
 1781.0859 0.9676435481
 1781.1148 0.9827845053
 1781.1437 0.9986795613
 1781.1726 1.0153850937
 1781.2015 1.0329632349
 1781.2304 1.0514826260
 1781.2593 1.0710192919
 1781.2882 1.0916576600
 1781.3171 1.1134917502
 1781.3460 1.1366265706
 1781.3749 1.1611797579
 1781.4037 1.1872835129
 1781.4326 1.2150868894
 1781.4615 1.2447585060
 1781.4904 1.2764897640
 1781.5193 1.3104986625
 1781.5482 1.3470343125
 1781.5771 1.3863822496
 1781.6060 1.4288706234
 1781.6349 1.4748772960
 1781.6638 1.5248377805
 1781.6927 1.5792537885
 1781.7216 1.6387019385
 1781.7505 1.7038419422
 1781.7794 1.7754234462
 1781.8083 1.8542907886
 1781.8372 1.9413852363
 1781.8661 2.0377445851
 1781.8950 2.1444998942
 1781.9239 2.2628683534
 1781.9527 2.3941400987
 1781.9816 2.5396559305
 1782.0105 2.7007729734
 1782.0394 2.8788163469
 1782.0683 3.0750164430
 1782.0972 3.2904330461
 1782.1261 3.5258691745
 1782.1550 3.7817791711
 1782.1839 4.0581770365
 1782.2128 4.3545519506
 1782.2417 4.6697978314
 1782.2706 5.0021620093
 1782.2995 5.3492138045
 1782.3284 5.7078259160
 1782.3573 6.0741486032
 1782.3862 6.4435371017
 1782.4151 6.8103666134
 1782.4440 7.1676449932
 1782.4729 7.5063485283
 1782.5018 7.8145751983
 1782.5306 8.0771744992
 1782.5595 8.2776555652
 1782.5884 8.4049155023
 1782.6173 8.4639962463
 1782.6462 8.4811189533
 1782.6751 8.4921654845
 1782.7040 8.5228301323
 1782.7329 8.5801334421
 1782.7618 8.6582693005
 1782.7907 8.7475937631
 1782.8196 8.8397718814
 1782.8485 8.9291883504
 1782.8774 9.0126377674
 1782.9063 9.0886036204
 1782.9352 9.1566234892
 1782.9641 9.2168426598
 1782.9930 9.2697294606
 1783.0219 9.3159033811
 1783.0508 9.3560353875
 1783.0796 9.3907922847
 1783.1085 9.4208069916
 1783.1374 9.4466638129
 1783.1663 9.4688925816
 1783.1952 9.4879680990
 1783.2241 9.5043123439
 1783.2530 9.5182977412
 1783.2819 9.5302508754
 1783.3108 9.5404567786
 1783.3397 9.5491637902
 1783.3686 9.5565885094
 1783.3975 9.5629202495
 1783.4264 9.5683246177
 1783.4553 9.5729460311
 1783.4842 9.5769092867
 1783.5131 9.5803207705
 1783.5420 9.5832700529
 1783.5709 9.5858321447
 1783.5998 9.5880700594
 1783.6286 9.5900370978
 1783.6575 9.5917784075
 1783.6864 9.5933316880
