  981.5024 0.6113638658
  981.6134 0.7265191372
  981.7243 0.8930954455
  981.8353 1.1594324624
  981.9462 1.6873439548
  982.0571 3.4475399384
  982.1681 10.5667891612
  982.2790 24.5801941675
  982.3900 35.4853777298
  982.5009 40.6728190411
  982.6118 43.4800965345
  982.7228 45.2451826784
  982.8337 46.4079555535
  982.9447 47.1917283533
  983.0556 47.7288049415
  983.1665 48.1020023439
  983.2775 48.3647387950
  983.3884 48.5521452403
  983.4993 48.6876495585
  983.6103 48.7870446762
  983.7212 48.8610724988
  983.8322 48.9170972603
  983.9431 48.9602047587
  984.0540 48.9939324108
  984.1650 49.0207583775
  984.2759 49.0424316504
  984.3869 49.0601961900
  984.4978 49.0749439403
  984.6087 49.0873197720
  984.7197 49.0977937122
  984.8306 49.1067107394
  984.9415 49.1143250279
  985.0525 49.1208232319
  985.1634 49.1263398353
  985.2744 49.1309665090
  985.3853 49.1347566602
  985.4962 49.1377258322
  985.6072 49.1398482464
  985.7181 49.1410495491
  985.8291 49.1411957028
  985.9400 49.1400779382
  986.0509 49.1373937519
  986.1619 49.1327240897
  986.2728 49.1255070797
  986.3837 49.1150089647
  986.4947 49.1002932014
  986.6056 49.0801890227
  986.7166 49.0532610658
  986.8275 49.0177819230
  986.9384 48.9717096399
  987.0494 48.9126722520
  987.1603 48.8379613830
  987.2713 48.7445367280
  987.3822 48.6290429083
  987.4931 48.4878397269
  987.6041 48.3170462885
  987.7150 48.1125988178
  987.8260 47.8703213380
  987.9369 47.5860077089
  988.0478 47.2555129023
  988.1588 46.8748508541
  988.2697 46.4402958148
  988.3806 45.9484838337
  988.4916 45.3965108928
  988.6025 44.7820242454
  988.7135 44.1033037142
  988.8244 43.3593300546
  988.9353 42.5498379580
  989.0463 41.6753518487
  989.1572 40.7372032630
  989.2682 39.7375292764
  989.3791 38.6792521186
  989.4900 37.5660407599
  989.6010 36.4022558417
  989.7119 35.1928798283
  989.8228 33.9434346696
  989.9338 32.6598895654
  990.0447 31.3485616094
  990.1557 30.0160121692
  990.2666 28.6689418261
  990.3775 27.3140865709
  990.4885 25.9581177387
  990.5994 24.6075478895
  990.7104 23.2686445065
  990.8213 21.9473530260
  990.9322 20.6492303299
  991.0432 19.3793894533
  991.1541 18.1424558946
  991.2650 16.9425355693
  991.3760 15.7831941451
  991.4869 14.6674472230
  991.5979 13.5977606101
  991.7088 12.5760597473
  991.8197 11.6037472315
  991.9307 10.6817272825
  992.0416 9.8104359661
  992.1526 8.9898759797
  992.2635 8.2196548368
  992.3744 7.4990253449
  992.4854 6.8269273498
