  981.6439 0.1376345853
  981.6899 0.1397799051
  981.7358 0.1421891501
  981.7818 0.1449193883
  981.8277 0.1480472687
  981.8737 0.1516792063
  981.9196 0.1559695609
  981.9656 0.1611566861
  982.0115 0.1676465947
  982.0575 0.1762428620
  982.1034 0.1887903328
  982.1493 0.2095497276
  982.1953 0.2465856847
  982.2412 0.3104232257
  982.2872 0.4086664325
  982.3331 0.5413236631
  982.3791 0.7018704031
  982.4250 0.8816645596
  982.4710 1.0729496541
  982.5169 1.2696041309
  982.5629 1.4669581679
  982.6088 1.6614937093
  982.6548 1.8506037417
  982.7007 2.0324069189
  982.7466 2.2056005678
  982.7926 2.3693419307
  982.8385 2.5231511383
  982.8845 2.6668319220
  982.9304 2.8004066990
  982.9764 2.9240635747
  983.0223 3.0381133955
  983.0683 3.1429548606
  983.1142 3.2390466852
  983.1602 3.3268853159
  983.2061 3.4069873639
  983.2520 3.4798760221
  983.2980 3.5460704499
  983.3439 3.6060779936
  983.3899 3.6603883215
  983.4358 3.7094693326
  983.4818 3.7537644983
  983.5277 3.7936910850
  983.5737 3.8296394850
  983.6196 3.8619729694
  983.6656 3.8910280702
  983.7115 3.9171153602
  983.7574 3.9405203324
  983.8034 3.9615047295
  983.8493 3.9803077295
  983.8953 3.9971473811
  983.9412 4.0122220357
  983.9872 4.0257116494
  984.0331 4.0377793051
  984.0791 4.0485724091
  984.1250 4.0582240549
  984.1710 4.0668542335
  984.2169 4.0745708985
  984.2629 4.0814711733
  984.3088 4.0876422035
  984.3547 4.0931621893
  984.4007 4.0981012086
  984.4466 4.1025219477
  984.4926 4.1064805455
  984.5385 4.1100271015
  984.5845 4.1132064034
  984.6304 4.1160584122
  984.6764 4.1186187321
  984.7223 4.1209191631
  984.7683 4.1229879598
  984.8142 4.1248503378
  984.8601 4.1265287174
  984.9061 4.1280430232
  984.9520 4.1294110327
  984.9980 4.1306484766
  985.0439 4.1317694024
  985.0899 4.1327862575
  985.1358 4.1337100933
  985.1818 4.1345507741
  985.2277 4.1353169899
  985.2737 4.1360165298
  985.3196 4.1366562639
  985.3655 4.1372423008
  985.4115 4.1377801008
  985.4574 4.1382744478
  985.5034 4.1387296650
  985.5493 4.1391495359
  985.5953 4.1395374432
  985.6412 4.1398964148
  985.6872 4.1402290840
  985.7331 4.1405378656
  985.7791 4.1408248409
  985.8250 4.1410918951
  985.8710 4.1413407120
  985.9169 4.1415727409
  985.9628 4.1417893410
  986.0088 4.1419916486
  986.0547 4.1421807189
  986.1007 4.1423574805
  986.1466 4.1425227188
  986.1926 4.1426771930
