  625.6314 0.0041294191
  625.6480 0.0041657888
  625.6647 0.0042045228
  625.6813 0.0042458676
  625.6980 0.0042901066
  625.7147 0.0043375673
  625.7313 0.0043886313
  625.7480 0.0044437459
  625.7647 0.0045034401
  625.7813 0.0045683458
  625.7980 0.0046392268
  625.8146 0.0047170210
  625.8313 0.0048029070
  625.8480 0.0048984196
  625.8646 0.0050056714
  625.8813 0.0051278106
  625.8980 0.0052699954
  625.9146 0.0054414520
  625.9313 0.0056596610
  625.9479 0.0059584081
  625.9646 0.0064022081
  625.9813 0.0071099685
  625.9979 0.0082899981
  626.0146 0.0102856028
  626.0313 0.0136239261
  626.0479 0.0190520906
  626.0646 0.0275373716
  626.0812 0.0402019946
  626.0979 0.0581728133
  626.1146 0.0823554042
  626.1312 0.1131651644
  626.1479 0.1502866770
  626.1646 0.1925619762
  626.1812 0.2380588478
  626.1979 0.2843307672
  626.2145 0.3288361833
  626.2312 0.3693824928
  626.2479 0.4044681688
  626.2645 0.4334558841
  626.2812 0.4565292041
  626.2979 0.4744772569
  626.3145 0.4884108458
  626.3312 0.4994884858
  626.3478 0.5087165982
  626.3645 0.5168528652
  626.3812 0.5243948916
  626.3978 0.5316226771
  626.4145 0.5386632546
  626.4312 0.5455522317
  626.4478 0.5522802868
  626.4645 0.5588226383
  626.4811 0.5651544851
  626.4978 0.5712572185
  626.5145 0.5771196314
  626.5311 0.5827369491
  626.5478 0.5881092644
  626.5645 0.5932400790
  626.5811 0.5981351565
  626.5978 0.6028016965
  626.6144 0.6072477692
  626.6311 0.6114819252
  626.6478 0.6155129291
  626.6644 0.6193495840
  626.6811 0.6230006095
  626.6977 0.6264745547
  626.7144 0.6297797462
  626.7311 0.6329242533
  626.7477 0.6359158614
  626.7644 0.6387620610
  626.7811 0.6414700449
  626.7977 0.6440467048
  626.8144 0.6464986331
  626.8310 0.6488321335
  626.8477 0.6510532258
  626.8644 0.6531676525
  626.8810 0.6551808927
  626.8977 0.6570981712
  626.9144 0.6589244656
  626.9310 0.6606645198
  626.9477 0.6623228558
  626.9643 0.6639037794
  626.9810 0.6654113923
  626.9977 0.6668496044
  627.0143 0.6682221393
  627.0310 0.6695325434
  627.0477 0.6707841986
  627.0643 0.6719803274
  627.0810 0.6731239991
  627.0976 0.6742181420
  627.1143 0.6752655489
  627.1310 0.6762688806
  627.1476 0.6772306771
  627.1643 0.6781533630
  627.1810 0.6790392504
  627.1976 0.6798905464
  627.2143 0.6807093610
  627.2309 0.6814977078
  627.2476 0.6822575094
  627.2643 0.6829906061
  627.2809 0.6836987559
