 1304.0755 0.0489393211
 1304.0879 0.0495516987
 1304.1002 0.0502027789
 1304.1126 0.0508977680
 1304.1249 0.0516437791
 1304.1372 0.0524498181
 1304.1496 0.0533249167
 1304.1619 0.0542797960
 1304.1743 0.0553287656
 1304.1866 0.0564902097
 1304.1990 0.0577873781
 1304.2113 0.0592495339
 1304.2237 0.0609133733
 1304.2360 0.0628246996
 1304.2483 0.0650403419
 1304.2607 0.0676302969
 1304.2730 0.0706800521
 1304.2854 0.0742930195
 1304.2977 0.0785929728
 1304.3101 0.0837263492
 1304.3224 0.0898642320
 1304.3348 0.0972038008
 1304.3471 0.1059690006
 1304.3594 0.1164101677
 1304.3718 0.1288023436
 1304.3841 0.1434420321
 1304.3965 0.1606421959
 1304.4088 0.1807253613
 1304.4212 0.2040148016
 1304.4335 0.2308238939
 1304.4459 0.2614438864
 1304.4582 0.2961304714
 1304.4705 0.3350897083
 1304.4829 0.3784639791
 1304.4952 0.4263187636
 1304.5076 0.4786310806
 1304.5199 0.5352804445
 1304.5323 0.5960431223
 1304.5446 0.6605903462
 1304.5570 0.7284909398
 1304.5693 0.7992185688
 1304.5816 0.8721635423
 1304.5940 0.9466487897
 1304.6063 1.0219493512
 1304.6187 1.0973144649
 1304.6310 1.1719911404
 1304.6434 1.2452479901
 1304.6557 1.3163980625
 1304.6681 1.3848194862
 1304.6804 1.4499728825
 1304.6927 1.5114147308
 1304.7051 1.5688061490
 1304.7174 1.6219168566
 1304.7298 1.6706243986
 1304.7421 1.7149089943
 1304.7545 1.7548446150
 1304.7668 1.7905870775
 1304.7792 1.8223600462
 1304.7915 1.8504398746
 1304.8038 1.8751401832
 1304.8162 1.8967969788
 1304.8285 1.9157549851
 1304.8409 1.9323556885
 1304.8532 1.9469274290
 1304.8656 1.9597776925
 1304.8779 1.9711876079
 1304.8903 1.9814085212
 1304.9026 1.9906604225
 1304.9149 1.9991319380
 1304.9273 2.0069815635
 1304.9396 2.0143398169
 1304.9520 2.0213119977
 1304.9643 2.0279812843
 1304.9767 2.0344119370
 1304.9890 2.0406524293
 1305.0014 2.0467383751
 1305.0137 2.0526951666
 1305.0260 2.0585402752
 1305.0384 2.0642852016
 1305.0507 2.0699370799
 1305.0631 2.0754999638
 1305.0754 2.0809758244
 1305.0878 2.0863652955
 1305.1001 2.0916681904
 1305.1125 2.0968837798
 1305.1248 2.1020109196
 1305.1371 2.1070492033
 1305.1495 2.1120001301
 1305.1618 2.1168647359
 1305.1742 2.1216433059
 1305.1865 2.1263361732
 1305.1989 2.1309439683
 1305.2112 2.1354676284
 1305.2236 2.1399083526
 1305.2359 2.1442675511
 1305.2482 2.1485467997
 1305.2606 2.1527478021
 1305.2729 2.1568723583
 1305.2853 2.1609223398
 1305.2976 2.1648996684
