  981.5407 0.0354358251
  981.5676 0.0363671202
  981.5944 0.0373791678
  981.6213 0.0384829466
  981.6482 0.0396915595
  981.6750 0.0410207896
  981.7019 0.0424898485
  981.7288 0.0441224037
  981.7556 0.0459480287
  981.7825 0.0480043168
  981.8094 0.0503401123
  981.8362 0.0530208036
  981.8631 0.0561379552
  981.8900 0.0598283967
  981.9168 0.0643015638
  981.9437 0.0698485017
  981.9706 0.0768539488
  981.9974 0.0858763552
  982.0243 0.0978456815
  982.0512 0.1145199360
  982.0780 0.1391038238
  982.1049 0.1763461255
  982.1318 0.2330200462
  982.1587 0.3163415176
  982.1855 0.4302687251
  982.2124 0.5715020494
  982.2393 0.7283551376
  982.2661 0.8844889868
  982.2930 1.0265217061
  982.3199 1.1499599873
  982.3467 1.2559201144
  982.3736 1.3470960947
  982.4005 1.4248707876
  982.4273 1.4895028105
  982.4542 1.5423818913
  982.4811 1.5861140801
  982.5079 1.6230986205
  982.5348 1.6548503899
  982.5617 1.6824120905
  982.5885 1.7064293292
  982.6154 1.7271942927
  982.6423 1.7451053420
  982.6691 1.7598653165
  982.6960 1.7712476811
  982.7229 1.7792458505
  982.7498 1.7840240886
  982.7766 1.7865076105
  982.8035 1.7873029428
  982.8304 1.7863550542
  982.8572 1.7838799857
  982.8841 1.7802159740
  982.9110 1.7759887407
  982.9378 1.7713852930
  982.9647 1.7663446224
  982.9916 1.7609227578
  983.0184 1.7556466478
  983.0453 1.7508221600
  983.0722 1.7461688426
  983.0990 1.7415336575
  983.1259 1.7371274901
  983.1528 1.7330343115
  983.1796 1.7290929603
  983.2065 1.7251682425
  983.2334 1.7216199881
  983.2602 1.7185957286
  983.2871 1.7157755850
  983.3140 1.7130779297
  983.3409 1.7106566841
  983.3677 1.7084175919
  983.3946 1.7062015931
  983.4215 1.7041099520
  983.4483 1.7024317897
  983.4752 1.7009576023
  983.5021 1.6995186836
  983.5289 1.6982621600
  983.5558 1.6971096027
  983.5827 1.6959029331
  983.6095 1.6948041634
  983.6364 1.6939751771
  983.6633 1.6932560540
  983.6901 1.6925487687
  983.7170 1.6919430310
  983.7439 1.6913678487
  983.7707 1.6906893381
  983.7976 1.6901698517
  983.8245 1.6898278843
  983.8513 1.6894674236
  983.8782 1.6891555379
  983.9051 1.6888855046
  983.9320 1.6885179727
  983.9588 1.6881765388
  983.9857 1.6879914399
  984.0126 1.6878366483
  984.0394 1.6876788066
  984.0663 1.6875479900
  984.0932 1.6873644120
  984.1200 1.6871196400
  984.1469 1.6870073794
  984.1738 1.6869577805
  984.2006 1.6868646240
