  981.5921 0.0340719623
  981.6113 0.0349854372
  981.6306 0.0359460307
  981.6498 0.0369576385
  981.6691 0.0380246207
  981.6883 0.0391518763
  981.7076 0.0403449342
  981.7268 0.0416100635
  981.7461 0.0429544104
  981.7653 0.0443861673
  981.7846 0.0459147879
  981.8038 0.0475512600
  981.8231 0.0493084628
  981.8423 0.0512016390
  981.8616 0.0532490375
  981.8808 0.0554728090
  981.9001 0.0579002880
  981.9193 0.0605658768
  981.9386 0.0635138632
  981.9578 0.0668026795
  981.9771 0.0705113169
  981.9963 0.0747488329
  982.0156 0.0796680093
  982.0348 0.0854840924
  982.0541 0.0924989240
  982.0733 0.1011294259
  982.0926 0.1119372164
  982.1119 0.1256533118
  982.1311 0.1431890542
  982.1504 0.1656227700
  982.1696 0.1941525776
  982.1889 0.2300103071
  982.2081 0.2743397176
  982.2274 0.3280526062
  982.2466 0.3916860107
  982.2659 0.4652888818
  982.2851 0.5483645118
  982.3044 0.6398850664
  982.3236 0.7383790663
  982.3429 0.8420762056
  982.3621 0.9490816196
  982.3814 1.0575473082
  982.4006 1.1658126515
  982.4199 1.2724966082
  982.4391 1.3765372304
  982.4584 1.4771854294
  982.4776 1.5739668119
  982.4969 1.6666271924
  982.5161 1.7550751542
  982.5354 1.8393306786
  982.5546 1.9194842568
  982.5739 1.9956672628
  982.5931 2.0680321592
  982.6124 2.1367402061
  982.6316 2.2019543289
  982.6509 2.2638352409
  982.6701 2.3225394679
  982.6894 2.3782184145
  982.7086 2.4310179698
  982.7279 2.4810783808
  982.7471 2.5285342579
  982.7664 2.5735146448
  982.7857 2.6161431248
  982.8049 2.6565379471
  982.8242 2.6948121676
  982.8434 2.7310737992
  982.8627 2.7654259687
  982.8819 2.7979670786
  982.9012 2.8287909723
  982.9204 2.8579871002
  982.9397 2.8856406859
  982.9589 2.9118328923
  982.9782 2.9366409853
  982.9974 2.9601384951
  983.0167 2.9823953754
  983.0359 3.0034781576
  983.0552 3.0234501025
  983.0744 3.0423713471
  983.0937 3.0602990474
  983.1129 3.0772875161
  983.1322 3.0933883568
  983.1514 3.1086505923
  983.1707 3.1231207887
  983.1899 3.1368431751
  983.2092 3.1498597580
  983.2284 3.1622104315
  983.2477 3.1739330833
  983.2669 3.1850636951
  983.2862 3.1956364398
  983.3054 3.2056837742
  983.3247 3.2152365268
  983.3439 3.2243239827
  983.3632 3.2329739641
  983.3824 3.2412129065
  983.4017 3.2490659323
  983.4209 3.2565569203
  983.4402 3.2637085717
  983.4595 3.2705424730
  983.4787 3.2770791559
  983.4980 3.2833381542
