 1201.0003 0.1591196841
 1201.0104 0.1596393761
 1201.0205 0.1602308022
 1201.0306 0.1608309263
 1201.0408 0.1614825877
 1201.0509 0.1621928886
 1201.0610 0.1629865888
 1201.0711 0.1638097862
 1201.0813 0.1647115504
 1201.0914 0.1656981807
 1201.1015 0.1668137435
 1201.1116 0.1680034750
 1201.1218 0.1693428134
 1201.1319 0.1708679421
 1201.1420 0.1727777669
 1201.1521 0.1750904296
 1201.1622 0.1777037183
 1201.1724 0.1807861782
 1201.1825 0.1845189749
 1201.1926 0.1890560503
 1201.2027 0.1945246869
 1201.2129 0.2011661998
 1201.2230 0.2091596454
 1201.2331 0.2187584713
 1201.2432 0.2300800198
 1201.2534 0.2432803725
 1201.2635 0.2584768489
 1201.2736 0.2756864503
 1201.2837 0.2949046872
 1201.2939 0.3159067627
 1201.3040 0.3384915631
 1201.3141 0.3623432165
 1201.3242 0.3870679796
 1201.3344 0.4122660180
 1201.3445 0.4373852779
 1201.3546 0.4619974215
 1201.3647 0.4856709802
 1201.3748 0.5080304778
 1201.3850 0.5288575813
 1201.3951 0.5480125756
 1201.4052 0.5657872118
 1201.4153 0.5823919669
 1201.4255 0.5978107530
 1201.4356 0.6120716285
 1201.4457 0.6251950726
 1201.4558 0.6375063592
 1201.4660 0.6492423511
 1201.4761 0.6603496163
 1201.4862 0.6707882861
 1201.4963 0.6804780666
 1201.5065 0.6893998443
 1201.5166 0.6976025332
 1201.5267 0.7049962644
 1201.5368 0.7115001678
 1201.5469 0.7172115527
 1201.5571 0.7224326743
 1201.5672 0.7271681005
 1201.5773 0.7314170906
 1201.5874 0.7351656241
 1201.5976 0.7384964112
 1201.6077 0.7414389625
 1201.6178 0.7440066238
 1201.6279 0.7462681573
 1201.6381 0.7482149699
 1201.6482 0.7498944950
 1201.6583 0.7514220134
 1201.6684 0.7527670736
 1201.6786 0.7539679309
 1201.6887 0.7550573605
 1201.6988 0.7560094222
 1201.7089 0.7568799526
 1201.7191 0.7576851619
 1201.7292 0.7583513630
 1201.7393 0.7589169800
 1201.7494 0.7593666906
 1201.7595 0.7595823441
 1201.7697 0.7597165124
 1201.7798 0.7601224025
 1201.7899 0.7605284012
 1201.8000 0.7609069791
 1201.8102 0.7612332870
 1201.8203 0.7615023072
 1201.8304 0.7617638641
 1201.8405 0.7619652537
 1201.8507 0.7620950666
 1201.8608 0.7622089053
 1201.8709 0.7622901722
 1201.8810 0.7623455468
 1201.8912 0.7624210965
 1201.9013 0.7624473352
 1201.9114 0.7624033414
 1201.9215 0.7622404710
 1201.9317 0.7618565020
 1201.9418 0.7617715028
 1201.9519 0.7618648457
 1201.9620 0.7619575162
 1201.9721 0.7620243290
 1201.9823 0.7621004483
 1201.9924 0.7621578926
 1202.0025 0.7622040336
